h	true_value	first_estimate	spre_estimate	abs_err_first_estimate	abs_err_spre_estimate
0.00390625	1.0	1.0019442212153349	1.000002969183333	0.0019442212153348848	2.9691833329792416e-06
0.0078125	1.0	1.0038959872538011	1.0000118765566255	0.0038959872538011364	1.1876556625489698e-05
0.015625	1.0	1.0078221555536748	1.0000475048128454	0.007822155553674826	4.750481284543362e-05
0.03125	1.0	1.0157650493200336	1.0001900079421822	0.01576504932003364	0.00019000794218215766
0.0625	1.0	1.0320131637179384	1.0007599412951234	0.03201316371793839	0.0007599412951233564
0.125	1.0	1.0659594855644499	1.0030390413916415	0.06595948556444986	0.0030390413916414616
0.25	1.0	1.1396587861799068	1.0121503752556886	0.1396587861799068	0.012150375255688628
0.5	1.0	1.310334292857553	1.048555178535775	0.310334292857553	0.04855517853577496
1.0	1.0	1.7451951500557483	1.1938501342473027	0.7451951500557483	0.19385013424730269
