h	mu	var	mu_cv1	mu_cv2	mu_cv3	mu_cv4	mu_cv5	mu_cv6	mu_cv7	mu_cv8	var_cv1	var_cv2	var_cv3	var_cv4	var_cv5	var_cv6	var_cv7	var_cv8
3.051757e-05	0.7907191067977473	1.2658753144518561e-06	0.7907067318513153	0.7915469999930124	0.7906163472378424	0.7930537142481071	0.7910736583098487	0.7910735568528782	0.7913107214900111	0.792744338131595	1.2083399694425694e-06	8.171051266757969e-07	8.867687119359086e-07	1.1435885017030952e-06	2.099409287741504e-06	8.182409725789324e-07	1.0571489839424422e-06	1.0712500308691613e-06
6.103515e-05	0.7920488002646624	2.0196417157077108e-06	0.7922429037904428	0.7918653532532105	0.7922429143716333	0.7922189712591037	0.7918892042829522	0.7919237805954196	0.7918121692344363	0.792195105330101	2.0516995207189443e-06	2.0516995207189443e-06	2.0516995207189443e-06	2.0516995207189443e-06	2.0516995207189443e-06	2.0516995207189443e-06	2.0516995207189443e-06	2.0516995207189443e-06
0.00012207031	0.7926246006510762	1.670841380030345e-07	0.7910097196702304	0.7913395909539824	0.7905125886288213	0.7919279531000983	0.7922649133276084	0.7909351844305857	0.7905860363430817	0.7920539327769841	3.1564825129916786e-07	1.3025356946721842e-07	1.5998517640078824e-07	1.2547691217593166e-07	1.499825286467114e-07	1.5653130706748729e-07	1.521152234995872e-07	1.9101851274065458e-07
0.00024414062	0.7921086298300526	1.933093977859555e-06	0.7922084444469559	0.7918469560329336	0.7923112898165662	0.7921630487161686	0.7923112885814119	0.7918470759442754	0.7920102710563949	0.7921706640457152	1.963778009254151e-06	1.963778009254151e-06	1.963778009254151e-06	1.963778009254151e-06	1.963778009254151e-06	1.963778009254151e-06	1.963778009254151e-06	1.963778009254151e-06
0.00048828125	0.7911013152576872	4.617342983276106e-07	0.7911214520759219	0.7910976510523727	0.7911600811423867	0.7911600993448457	0.7911600789943908	0.7908956670722369	0.791160082063257	0.791055410316086	4.690634141740806e-07	4.690634141740806e-07	4.690634141740806e-07	4.690634141740806e-07	4.690634141740806e-07	4.690634141740806e-07	4.690634141740806e-07	4.690634141740806e-07
0.0009765625	0.7912961812119804	1.3482631648330364e-06	0.7913828045921043	0.791266397615264	0.7913827746763461	0.7913828417804775	0.7912989307210233	0.790925179695616	0.7913476937035294	0.791382826911482	1.369664167449434e-06	1.369664167449434e-06	1.369664167449434e-06	1.369664167449434e-06	1.369664167449434e-06	1.369664167449434e-06	1.369664167449434e-06	1.369664167449434e-06
0.001953125	0.7919211474562888	1.8676765311349065e-06	0.7916790773987954	0.7919438797661882	0.792001515315793	0.7916117083872614	0.7919013427994902	0.7920374511317788	0.7920970757408979	0.7920971291101057	1.89732219035927e-06	1.89732219035927e-06	1.89732219035927e-06	1.89732219035927e-06	1.89732219035927e-06	1.89732219035927e-06	1.89732219035927e-06	1.89732219035927e-06
0.00390625	0.7931373613313876	1.482804344835295e-06	0.7918126202609785	0.7920114578693054	0.7929302137733379	0.7921577644380163	0.790761730280722	0.7918222542535022	0.7926521702807614	0.7930512814988708	1.416740945077268e-06	1.156807392074892e-06	1.336369357458234e-06	1.1997835626022508e-06	1.8091479254677982e-06	1.2494846596235713e-06	1.4819524761058276e-06	1.297178135427869e-06
0.0078125	0.7891636351937403	4.774295589344906e-07	0.7911590489139294	0.7943694714890616	0.7906452670247688	0.792725648594138	0.7918972590376633	0.793232562494008	0.791162024239848	0.7941923740316148	9.199230861026158e-07	2.1779284394649077e-07	3.8538048028779323e-07	2.9932891775139007e-07	2.573600230971094e-06	6.443302309973226e-07	3.532844534826387e-07	4.939436156218538e-07
0.015625	0.7917010357338118	1.4781317945246569e-06	0.7924769825630893	0.7910922266551731	0.7919764972493132	0.7900404155110737	0.7918842292168987	0.7918415159514004	0.7908803146417153	0.7902325769702291	7.887877951410897e-07	7.317136141502991e-07	1.5825776186559243e-06	9.70358366361615e-07	1.1247995220734214e-06	7.04722853039607e-07	8.740416733878408e-07	8.071239474431342e-07
0.03125	0.7907267481839276	2.1979107674726738e-08	0.7907340038692776	0.7907342809430477	0.7906773628567734	0.7907350789371101	0.7907326599685268	0.7907333664507741	0.7907332883394249	0.7907339441064862	2.2327982399722402e-08	2.2327982399722402e-08	2.2327982399722402e-08	2.2327982399722402e-08	2.2327982399722402e-08	2.2327982399722402e-08	2.2327982399722402e-08	2.2327982399722402e-08
0.0625	0.7906828458682312	4.090079585261785e-11	0.7906420547314389	0.7906272143727345	0.7906736699288577	0.7906412992624209	0.7906737662656668	0.79065772354463	0.7906715096577819	0.7906536078369236	4.397287274220413e-11	4.416407433889459e-11	3.9770657190221045e-11	4.4357970382043363e-11	4.29627533129157e-11	3.3818086751794576e-11	4.2895949347918224e-11	4.3307156640869505e-11
0.125	0.7906975334040507	9.238934407382783e-10	0.7904845836907471	0.790454120069594	0.7906631324384338	0.7904923004070576	0.7906647418904911	0.7905681498168643	0.7906262196285079	0.7905273355650264	9.932874862223774e-10	9.97606470666532e-10	8.983651429253082e-10	1.0019863189974977e-09	9.704702599159576e-10	7.639046594811257e-10	9.689612490571249e-10	9.782498634427813e-10
0.25	0.7906401065529666	5.641398687140912e-09	0.7902133565289504	0.7898058898476663	0.7905818735860539	0.789952022438627	0.7905622792012279	0.790322191703372	0.7905017853497058	0.7901944002503817	5.569484662869521e-09	4.2094914651170054e-09	3.890216865900283e-09	5.63504478008942e-09	4.865783447805193e-09	3.2398468569292295e-09	4.664019502541822e-09	4.2080147206413145e-09
0.5	0.7909950159063368	2.3799554669276845e-07	0.7886473843121291	0.7872004792139389	0.790458184736187	0.7878998387579376	0.7905539332124069	0.789142101293057	0.7895818971354456	0.7886303940264804	2.5587149760223e-07	2.569840707828802e-07	2.3141944069803522e-07	2.581123225400599e-07	2.4999376537753797e-07	1.967823333707007e-07	2.4960504320626003e-07	2.519977962676587e-07
1.0	0.7728495080315166	0.0004930220112180859	0.7759461911175097	0.7786191528412297	0.7704954966580689	0.7735241999526202	0.7705528458127946	0.7715049900948957	0.7706508367231608	0.7715023510518534	0.0005008477574278968	0.0005008477574278968	0.0005008477574278968	0.0005008477574278968	0.0005008477574278968	0.0005008477574278968	0.0005008477574278968	0.0005008477574278968
