h	mu	var	mu_cv1	mu_cv2	mu_cv3	mu_cv4	mu_cv5	mu_cv6	mu_cv7	mu_cv8	var_cv1	var_cv2	var_cv3	var_cv4	var_cv5	var_cv6	var_cv7	var_cv8
9.5367431640625e-07	0.11107146613179349	1.4323623381873269e-15	0.11107146572650432	0.11107146968205503	0.11107146628617788	0.11107147050152255	0.11107146299021707	0.1110714587449471	0.1110714611787747	0.1110714739441492	1.4550982483172846e-15	1.4550982483172846e-15	1.4550982483172846e-15	1.4550982483172846e-15	1.4550982483172846e-15	1.4550982483172846e-15	1.4550982483172846e-15	1.4550982483172846e-15
1.9073486328125e-06	0.1110714595793179	2.3212784149794853e-15	0.1110714572612966	0.1110714625159311	0.1110714716703253	0.11107145417947302	0.11107145937877434	0.11107145206689582	0.11107145483826135	0.1110714647235856	2.3581241041061443e-15	2.3581241041061443e-15	2.3581241041061443e-15	2.3581241041061443e-15	2.3581241041061443e-15	2.3581241041061443e-15	2.3581241041061443e-15	2.3581241041061443e-15
3.814697265625e-06	0.11107145396393478	2.643889861886957e-15	0.11107144510207476	0.11107145822072322	0.11107145103826854	0.11107146250352104	0.11107146439134566	0.11107145102180276	0.11107144827933078	0.11107145115441144	2.6858563676311944e-15	2.6858563676311944e-15	2.6858563676311944e-15	2.6858563676311944e-15	2.6858563676311944e-15	2.6858563676311944e-15	2.6858563676311944e-15	2.6858563676311944e-15
7.62939453125e-06	0.11107146886464439	1.5128237419379174e-15	0.11107147139490055	0.11107146919270718	0.11107147131553764	0.11107146834348615	0.11107146081755946	0.11107146290866964	0.11107146919259096	0.11107147775170349	1.5368368172067732e-15	1.5368368172067732e-15	1.5368368172067732e-15	1.5368368172067732e-15	1.5368368172067732e-15	1.5368368172067732e-15	1.5368368172067732e-15	1.5368368172067732e-15
1.52587890625e-05	0.11107144634496935	8.398450232803249e-16	0.11107145438006892	0.11107152875176746	0.11107154895728741	0.11107152375931888	0.11107153389276275	0.11107142479504159	0.1110715240331116	0.11107132166095442	1.3126734811083916e-15	5.3624044263294e-16	4.9962668892651e-16	6.264790238259945e-16	5.702995720409773e-16	6.30689029852343e-16	2.2075555682903656e-15	2.3127555060089063e-15
3.0517578125e-05	0.11107132745619248	6.287197614805274e-15	0.11107131833565803	0.1110713677155463	0.11107141365393972	0.1110714061731563	0.11107145766042059	0.11107148969690998	0.11107149471677129	0.1110715120746113	7.156968035825764e-15	5.749039897630533e-15	5.082484547180616e-15	4.803992243225514e-15	4.803992243225514e-15	5.0824845471806155e-15	5.749039897630533e-15	7.156968035825764e-15
6.103515625e-05	0.11107142628985754	3.8342536312149296e-14	0.11107143274060118	0.1110714466682796	0.11107142323799922	0.11107142993522749	0.11107137677832987	0.11107144483676434	0.11107139988506867	0.11107145623659	3.895114799964373e-14	3.895114799964373e-14	3.895114799964373e-14	3.895114799964373e-14	3.895114799964373e-14	3.895114799964373e-14	3.895114799964373e-14	3.895114799964373e-14
0.0001220703125	0.11107186919959029	1.3726858598971542e-13	0.11107138138415146	0.11107196210088453	0.11107163208560697	0.11107147815205179	0.11107178279501663	0.11107143337312794	0.11107159016465443	0.111071520681727	1.255189713916195e-13	1.5625831132426113e-13	1.0488571582039439e-13	1.56258311324261e-13	1.109660471723013e-13	1.109660471723013e-13	1.2551897139161955e-13	1.0488571582039437e-13
0.000244140625	0.1110713447770185	4.912521442843111e-13	0.11107133287129493	0.11107128151339929	0.11107135351846595	0.11107128086921034	0.11107137120536874	0.11107129296654797	0.11107156150595814	0.11107128376590243	4.99049797368189e-13	4.99049797368189e-13	4.99049797368189e-13	4.99049797368189e-13	4.99049797368189e-13	4.99049797368189e-13	4.99049797368189e-13	4.99049797368189e-13
0.00048828125	0.11107168906983761	1.972600700548976e-12	0.11107172955763933	0.11107176933002694	0.11107166149567464	0.11107159823942535	0.1110717716177145	0.11107192433780062	0.11107177392414454	0.11107128405627498	2.0039118227799126e-12	2.0039118227799126e-12	2.0039118227799126e-12	2.0039118227799126e-12	2.0039118227799126e-12	2.0039118227799126e-12	2.0039118227799126e-12	2.0039118227799126e-12
0.0009765625	0.11106957657950658	3.782223698565359e-12	0.11107235492918244	0.11106863276084557	0.11107087977943236	0.1110724677129285	0.11107088269500552	0.1110710872894277	0.11107044116491221	0.11107148846136379	3.4584812307493252e-12	4.305456226034874e-12	2.889963768160396e-12	4.305456226034875e-12	3.0574978996479553e-12	3.057497899647955e-12	3.458481230749327e-12	2.889963768160396e-12
0.001953125	0.11106892827694594	3.9606087689351175e-12	0.11106848920770934	0.1110687401887547	0.11107080416435905	0.11107397009362413	0.11107089874692994	0.11107268429837637	0.111069476172982	0.11107477103274403	4.509496755677889e-12	3.915718722341248e-12	3.209885547655226e-12	4.45990159045891e-12	3.2698861571500403e-12	3.920881456469481e-12	7.89249199957026e-12	4.944357821414199e-12
0.00390625	0.11107678843257732	1.775806848359647e-10	0.11107842241198702	0.11107124149978775	0.11106848726440226	0.11106646616476497	0.11106083315657364	0.11105402333011681	0.11105843419327736	0.11105821272750413	2.0214718273817317e-10	1.6238052383886052e-10	1.4355379643725352e-10	1.3568783498863689e-10	1.3568783498863689e-10	1.4355379643725352e-10	1.6238052383886054e-10	2.0214718273817333e-10
0.0078125	0.11106884912905408	4.4524330478470434e-11	0.11106882372697557	0.11106923647929304	0.11106944523375735	0.11106870872097302	0.11106946533067373	0.11106856880965639	0.11106968738292892	0.11106685734817454	4.5231065882890596e-11	4.5231065882890596e-11	4.5231065882890596e-11	4.5231065882890596e-11	4.5231065882890596e-11	4.5231065882890596e-11	4.5231065882890596e-11	4.5231065882890596e-11
0.015625	0.11105004337680104	3.735124216144128e-09	0.1110477687565857	0.11104898869647932	0.111043889266653	0.11104275865844168	0.11105554507820818	0.11105316531498975	0.11104178895374138	0.11106644228930929	3.79441190211467e-09	3.79441190211467e-09	3.79441190211467e-09	3.79441190211467e-09	3.79441190211467e-09	3.79441190211467e-09	3.79441190211467e-09	3.79441190211467e-09
0.03125	0.11105288654463882	4.016928747986512e-08	0.1111560193750433	0.1111092236946625	0.11102533066681003	0.1108647180972319	0.11058938223436177	0.11041090131993213	0.10992103668572674	0.10929173011918625	6.277770958359183e-08	2.5422378261123657e-08	2.3845796663534593e-08	2.5422378261123743e-08	2.5422378261123673e-08	2.384579666353455e-08	2.542237826112367e-08	6.277770958359115e-08
0.0625	0.11042205920584733	4.0170848508404475e-07	0.11016225855330185	0.1113306319481896	0.11124207863645301	0.10962562875908956	0.10991172181870032	0.10743013438010113	0.10638682980306637	0.10415113038506976	6.278683100918078e-07	2.564905784754214e-07	2.3897775750614025e-07	2.996528319178578e-07	2.72781490368123e-07	3.0166653098871026e-07	1.0559017181682676e-06	1.1062201774558934e-06
0.125	0.11161868117670012	6.160456106744851e-06	0.11132406321644359	0.10956233807722403	0.10795040302703553	0.10542008161370055	0.10355048259315351	0.09821780729674075	0.09539750459409627	0.09171737485665592	9.627736727108665e-06	3.8988355341184315e-06	3.657047283940546e-06	3.89883553411843e-06	3.898835534118429e-06	3.657047283940544e-06	3.898835534118425e-06	9.627736727108787e-06
0.25	0.1148648615110222	1.9915269205272466e-05	0.11211422183015723	0.10576538905192025	0.09994422581847698	0.09600845175415348	0.0955297751974963	0.08570433222566824	0.09374536062493258	0.0928698375640353	3.1889986117340995e-05	1.3557329061871533e-05	1.1900857069723509e-05	1.881349922349734e-05	1.440100452726247e-05	1.4280259129680555e-05	2.7223768889258835e-05	4.3774643306605575e-05
0.5	0.10771934740589952	4.44910800650175e-05	0.11479418165914078	0.09808998485743858	0.07804171114820548	0.07360571746624822	0.09036300041463646	0.1370795750061076	0.2756302823224807	0.4389426868216642	0.00013196446601786293	2.0818604663108e-05	2.2553322206295064e-05	1.9253166961550925e-05	1.8586324136037118e-05	4.5669203980963196e-05	0.0001474121393124265	0.0003562712997812476
