h	mu	var	mu_cv1	mu_cv2	mu_cv3	mu_cv4	mu_cv5	mu_cv6	mu_cv7	mu_cv8	var_cv1	var_cv2	var_cv3	var_cv4	var_cv5	var_cv6	var_cv7	var_cv8
1.7763568394002505e-15	4.2325128139574595	2.735098009777201e-22	4.232512813954287	4.232512813955219	4.232512813956064	4.232512813957077	4.232512813957758	4.232512813958935	4.2325128139596115	4.232512813960725	2.778512263900649e-22	2.778512263900649e-22	2.778512263900649e-22	2.778512263900649e-22	2.778512263900649e-22	2.778512263900649e-22	2.778512263900649e-22	2.778512263900649e-22
3.552713678800501e-15	4.232512813930302	1.201208592108605e-21	4.232512813923629	4.232512813925626	4.232512813927154	4.232512813929471	4.23251281393138	4.232512813933245	4.232512813934992	4.232512813936913	1.2202753951579478e-21	1.2202753951579478e-21	1.2202753951579478e-21	1.2202753951579478e-21	1.2202753951579478e-21	1.2202753951579478e-21	1.2202753951579478e-21	1.2202753951579478e-21
7.105427357601002e-15	4.232512813876927	4.898299503762968e-21	4.2325128138634875	4.232512813867061	4.232512813871075	4.232512813875174	4.232512813879076	4.23251281388288	4.23251281388653	4.232512813890136	4.9760502895369836e-21	4.9760502895369836e-21	4.9760502895369836e-21	4.9760502895369836e-21	4.9760502895369836e-21	4.9760502895369836e-21	4.9760502895369836e-21	4.9760502895369836e-21
1.4210854715202004e-14	4.232512813769867	1.9056241864106307e-20	4.232512813743341	4.232512813750732	4.232512813758122	4.23251281376646	4.232512813773867	4.2325128137815415	4.232512813788585	4.232512813796284	1.9358721893695298e-20	1.9358721893695298e-20	1.9358721893695298e-20	1.9358721893695298e-20	1.9358721893695298e-20	1.9358721893695298e-20	1.9358721893695298e-20	1.9358721893695298e-20
2.842170943040401e-14	4.232512813556905	7.717857245205177e-20	4.232512813503458	4.232512813518623	4.2325128135332815	4.232512813549683	4.232512813565078	4.232512813580335	4.232512813594809	4.23251281360997	7.84036291576399e-20	7.84036291576399e-20	7.84036291576399e-20	7.84036291576399e-20	7.84036291576399e-20	7.84036291576399e-20	7.84036291576399e-20	7.84036291576399e-20
5.684341886080802e-14	4.232512813129501	3.070073744414379e-19	4.232512813022697	4.232512813053396	4.232512813082164	4.232512813115463	4.232512813145862	4.2325128131759575	4.232512813205115	4.232512813235358	3.1188050736907976e-19	3.1188050736907976e-19	3.1188050736907976e-19	3.1188050736907976e-19	3.1188050736907976e-19	3.1188050736907976e-19	3.1188050736907976e-19	3.1188050736907976e-19
1.1368683772161603e-13	4.232512812276071	1.2303001767475492e-18	4.232512812062406	4.232512812123272	4.232512812181647	4.232512812247806	4.232512812308741	4.232512812369547	4.232512812427358	4.232512812487787	1.2498287509816372e-18	1.2498287509816372e-18	1.2498287509816372e-18	1.2498287509816372e-18	1.2498287509816372e-18	1.2498287509816372e-18	1.2498287509816372e-18	1.2498287509816372e-18
2.2737367544323206e-13	4.232512810569261	4.92274727962299e-18	4.232512810141928	4.232512810263825	4.232512810380056	4.232512810512682	4.232512810634634	4.23251281075621	4.232512810872	4.232512810992751	5.000886125331292e-18	5.000886125331292e-18	5.000886125331292e-18	5.000886125331292e-18	5.000886125331292e-18	5.000886125331292e-18	5.000886125331292e-18	5.000886125331292e-18
4.547473508864641e-13	4.232512807154947	1.9699918426038912e-17	4.232512806299936	4.232512806543852	4.232512806776722	4.23251280704207	4.232512807285573	4.2325128075286385	4.232512807760562	4.232512808002217	2.0012615543912545e-17	2.0012615543912545e-17	2.0012615543912545e-17	2.0012615543912545e-17	2.0012615543912545e-17	2.0012615543912545e-17	2.0012615543912545e-17	2.0012615543912545e-17
9.094947017729282e-13	4.232512800326239	7.879843038136799e-17	4.23251279861632	4.232512799104027	4.2325127995699265	4.232512800100288	4.232512800587398	4.232512801073541	4.232512801537615	4.2325128020208025	8.004919911758018e-17	8.004919911758018e-17	8.004919911758018e-17	8.004919911758018e-17	8.004919911758018e-17	8.004919911758018e-17	8.004919911758018e-17	8.004919911758018e-17
1.8189894035458565e-12	4.232512786669097	3.152008875342206e-16	4.232512783249719	4.232512784224425	4.232512785156012	4.232512786217	4.232512787191639	4.232512788163608	4.2325127890922065	4.232512790058167	3.2020407622524003e-16	3.2020407622524003e-16	3.2020407622524003e-16	3.2020407622524003e-16	3.2020407622524003e-16	3.2020407622524003e-16	3.2020407622524003e-16	3.2020407622524003e-16
3.637978807091713e-12	4.232512759354852	1.2607341408915204e-15	4.232512752516014	4.232512754465788	4.23251275632907	4.232512758450817	4.232512760399907	4.232512762343406	4.232512764200665	4.232512766133153	1.2807457939215444e-15	1.2807457939215444e-15	1.2807457939215444e-15	1.2807457939215444e-15	1.2807457939215444e-15	1.2807457939215444e-15	1.2807457939215444e-15	1.2807457939215444e-15
7.275957614183426e-12	4.232512704726742	5.042977629477486e-15	4.2325126910486635	4.232512694948578	4.232512698675359	4.232512702918622	4.232512706817204	4.232512710704138	4.2325127144183545	4.232512718283012	5.1230248934374465e-15	5.1230248934374465e-15	5.1230248934374465e-15	5.1230248934374465e-15	5.1230248934374465e-15	5.1230248934374465e-15	5.1230248934374465e-15	5.1230248934374465e-15
1.4551915228366852e-11	4.232512595470857	2.0171194427724813e-14	4.232512568115295	4.2325125759148925	4.232512583368279	4.232512591854476	4.232512599651729	4.232512607425344	4.232512614853997	4.232512622582848	2.0491372117053777e-14	2.0491372117053777e-14	2.0491372117053777e-14	2.0491372117053777e-14	2.0491372117053777e-14	2.0491372117053777e-14	2.0491372117053777e-14	2.0491372117053777e-14
2.9103830456733704e-11	4.232512376965212	8.068218077954688e-14	4.232512322254649	4.2325123378537794	4.232512352760757	4.232512369732903	4.232512385326787	4.2325124008739685	4.232512415730746	4.23251243118811	8.196285031573018e-14	8.196285031573018e-14	8.196285031573018e-14	8.196285031573018e-14	8.196285031573018e-14	8.196285031573018e-14	8.196285031573018e-14	8.196285031573018e-14
5.820766091346741e-11	4.232511939973766	3.226987976968242e-13	4.232511830556511	4.232511861754482	4.232511891567497	4.232511925510716	4.2325119566969	4.23251198778963	4.232512017501021	4.232512048413371	3.27821000834869e-13	3.27821000834869e-13	3.27821000834869e-13	3.27821000834869e-13	3.27821000834869e-13	3.27821000834869e-13	3.27821000834869e-13	3.27821000834869e-13
1.1641532182693481e-10	4.232511066067212	1.2905665034900679e-12	4.232510847247327	4.232510909642053	4.232510969265335	4.23251103714667	4.2325110995141	4.232511161692371	4.232511221107433	4.232511282922413	1.3110516860851485e-12	1.3110516860851485e-12	1.3110516860851485e-12	1.3110516860851485e-12	1.3110516860851485e-12	1.3110516860851485e-12	1.3110516860851485e-12	1.3110516860851485e-12
2.3283064365386963e-10	4.23250931856714	5.160419985865367e-12	4.232508880986727	4.232509005769868	4.232509125006037	4.2325092607505725	4.2325093854628255	4.232509509790836	4.232509628589702	4.2325097521805635	5.242331414212436e-12	5.242331414212436e-12	5.242331414212436e-12	5.242331414212436e-12	5.242331414212436e-12	5.242331414212436e-12	5.242331414212436e-12	5.242331414212436e-12
4.656612873077393e-10	4.232505824818467	2.0626936637172075e-11	4.232504949893224	4.232505199436937	4.232505437867362	4.232505709282714	4.232505958618036	4.232506207159822	4.232506444632368	4.232506691657272	2.09543483298256e-11	2.09543483298256e-11	2.09543483298256e-11	2.09543483298256e-11	2.09543483298256e-11	2.09543483298256e-11	2.09543483298256e-11	2.09543483298256e-11
9.313225746154785e-10	4.232498842314595	8.239003652331348e-11	4.232497093405059	4.232497592403061	4.23249806909717	4.232498611631029	4.232499109944063	4.232499606573439	4.232500081020146	4.232500574442791	8.369781488082639e-11	8.369781488082639e-11	8.369781488082639e-11	8.369781488082639e-11	8.369781488082639e-11	8.369781488082639e-11	8.369781488082639e-11	8.369781488082639e-11
1.862645149230957e-09	4.232484897241562	3.286216802619185e-10	4.23248140317979	4.2324824008157735	4.232483353537414	4.2324844374226736	4.232485432623241	4.2324864240667806	4.232487370971459	4.2324883553153745	3.338378974089331e-10	3.338378974089331e-10	3.338378974089331e-10	3.338378974089331e-10	3.338378974089331e-10	3.338378974089331e-10	3.338378974089331e-10	3.338378974089331e-10
3.725290298461914e-09	4.2324570864739774	1.3070306844197639e-09	4.232450113320209	4.232452107154381	4.232454009938087	4.232456172990429	4.232458157710864	4.2324601333756995	4.232462019273628	4.232463978028526	1.3277772032200775e-09	1.3277772032200775e-09	1.3277772032200775e-09	1.3277772032200775e-09	1.3277772032200775e-09	1.3277772032200775e-09	1.3277772032200775e-09	1.3277772032200775e-09
7.450580596923828e-09	4.232401779516255	5.169304805024839e-09	4.232387892609333	4.232391874540276	4.232395669509986	4.232399976853437	4.23240392375203	4.232407846487353	4.232411587017473	4.232415465360154	5.251357262247456e-09	5.251357262247456e-09	5.251357262247456e-09	5.251357262247456e-09	5.251357262247456e-09	5.251357262247456e-09	5.251357262247456e-09	5.251357262247456e-09
1.4901161193847656e-08	4.232292400748253	2.0219670107842533e-08	4.232264860755015	4.232272801765528	4.232280349641857	4.23228889021236	4.232296695247675	4.2323044285287645	4.232311787622647	4.232319392212174	2.054061725241146e-08	2.054061725241146e-08	2.054061725241146e-08	2.054061725241146e-08	2.054061725241146e-08	2.054061725241146e-08	2.054061725241146e-08	2.054061725241146e-08
2.9802322387695312e-08	4.232078420451014	7.740194953083655e-08	4.2320242486536035	4.232040040087965	4.232054970188344	4.232071762065716	4.2320870303002245	4.232102060428454	4.232116309350779	4.232130942533027	7.86305519043419e-08	7.86305519043419e-08	7.86305519043419e-08	7.86305519043419e-08	7.86305519043419e-08	7.86305519043419e-08	7.86305519043419e-08	7.86305519043419e-08
5.960464477539063e-08	4.231667614612092	2.855192001900031e-07	4.231562597716337	4.231593824268043	4.231623042834594	4.231655516073256	4.231684778146997	4.2317133502586115	4.231740256316893	4.231767551281999	2.9005125098666984e-07	2.9005125098666984e-07	2.9005125098666984e-07	2.9005125098666984e-07	2.9005125098666984e-07	2.9005125098666984e-07	2.9005125098666984e-07	2.9005125098666984e-07
1.1920928955078125e-07	4.230901557541148	9.95761385103541e-07	4.230702659659441	4.230763732789271	4.230819793193962	4.230880959094533	4.230935303299816	4.230987341410857	4.231036569107029	4.231086101774271	1.0115671213750258e-06	1.0115671213750258e-06	1.0115671213750258e-06	1.0115671213750258e-06	1.0115671213750258e-06	1.0115671213750258e-06	1.0115671213750258e-06	1.0115671213750258e-06
2.384185791015625e-07	4.2303735526954345	3.781549962242466e-07	4.230154586710758	4.230135629144262	4.230328635192296	4.230723299878818	4.23042258069531	4.2304029496247795	4.230428404005013	4.230437759150349	1.5923100629317666e-06	9.617926153211922e-07	9.252125637993191e-07	6.960465568242323e-07	4.633740843247486e-06	1.1142350357291843e-05	8.0347647240672e-06	8.460043609595853e-06
4.76837158203125e-07	4.226864239014105	1.1788935245297811e-05	4.226178543066406	4.226395862505206	4.226587016937941	4.226789791836211	4.226975204961079	4.227148255971818	4.227332421241617	4.227506815592572	1.197606120157238e-05	1.197606120157238e-05	1.197606120157238e-05	1.197606120157238e-05	1.197606120157238e-05	1.197606120157238e-05	1.197606120157238e-05	1.197606120157238e-05
9.5367431640625e-07	4.223731596045825	4.193142068409391e-06	4.223263175196914	4.223029294204251	4.22332639738004	4.22410427299096	4.223890378278953	4.223910767310746	4.224030186207837	4.224342112399646	2.700191013001379e-05	1.3110188036008923e-05	1.0611489763003896e-05	6.980998809536773e-06	3.403066924350399e-05	4.1346687975160456e-05	2.7418767750079797e-05	1.3160731181021787e-05
