h	mu	var	mu_cv1	mu_cv2	mu_cv3	mu_cv4	mu_cv5	mu_cv6	mu_cv7	mu_cv8	var_cv1	var_cv2	var_cv3	var_cv4	var_cv5	var_cv6	var_cv7	var_cv8
1.7763568394002505e-15	2.7670981812812507	6.4162793123641194e-27	2.767098181281231	2.767098181281234	2.767098181281236	2.7670981812812268	2.767098181281269	2.7670981812812814	2.767098181281275	2.7670981812812565	1.057774937068664e-25	8.887679294879102e-26	6.704910406581977e-26	2.4204514221545286e-26	1.788253441277844e-26	3.020472381916803e-26	5.507429553707053e-26	2.9951760467811697e-25
3.552713678800501e-15	2.7670981812807227	2.4038184368807117e-26	2.7670981812806903	2.7670981812806916	2.7670981812806965	2.7670981812806694	2.767098181280756	2.7670981812807836	2.7670981812807716	2.767098181280734	4.760132813076159e-25	3.7631199083797972e-25	2.884285985977803e-25	9.214753053979112e-26	6.84010967843115e-26	1.1293092905669745e-25	2.1185300987748976e-25	1.1405716640155798e-24
7.105427357601002e-15	2.767098181279682	9.196460496238982e-26	2.7670981812796214	2.7670981812796223	2.7670981812796325	2.767098181279571	2.767098181279748	2.767098181279803	2.7670981812797777	2.767098181279705	1.9904801139893866e-24	1.5145452916941951e-24	1.1829126653308332e-24	3.5512213985033072e-25	2.6406984987914836e-25	4.403077969830579e-25	8.330887122298351e-25	4.463035597303654e-24
1.4210854715202004e-14	2.7670981812776394	3.9496897323265094e-25	2.7670981812775275	2.767098181277526	2.7670981812775346	2.767098181277361	2.7670981812777624	2.7670981812778934	2.767098181277834	2.7670981812776843	8.656671633750978e-24	6.340971287886845e-24	4.5452496852441995e-24	1.2412462223489308e-24	1.1392563634337564e-24	1.7468277361687827e-24	3.3320762934637385e-24	1.8105234261018152e-23
2.842170943040401e-14	2.767098181273578	1.5264300028839682e-24	2.7670981812733575	2.7670981812733513	2.767098181273372	2.7670981812730235	2.7670981812738473	2.76709818127411	2.7670981812739264	2.767098181273661	3.3663386402832807e-23	2.4634988021102636e-23	1.7659140417763412e-23	4.782859174452517e-24	4.458118327471499e-24	6.749871496517281e-24	1.446292401948093e-23	7.719935347518968e-23
5.684341886080802e-14	2.7670981812652844	6.2040618821749634e-24	2.7670981812648505	2.7670981812648385	2.7670981812648714	2.767098181264156	2.767098181265766	2.7670981812663	2.767098181266057	2.7670981812654625	1.401909339769759e-22	1.0233164573448434e-22	7.262093824276005e-23	1.955558708943635e-23	1.7973476635446646e-23	2.763077817564109e-23	5.299750594634929e-23	2.883213181315479e-22
1.1368683772161603e-13	2.7670981812487985	2.4702901594218082e-23	2.7670981812479374	2.7670981812479085	2.767098181247982	2.76709818124653	2.767098181249761	2.767098181250831	2.7670981812503364	2.7670981812491524	5.6260252264413025e-22	4.090824850035548e-22	2.927484606367868e-22	7.787818068534116e-23	7.163019296554466e-23	1.1008445086349151e-22	2.1205300929391573e-22	1.1537243773230377e-21
2.2737367544323206e-13	2.767098181215846	9.870288409194619e-23	2.7670981812141258	2.767098181214071	2.767098181214203	2.76709818121131	2.767098181217774	2.7670981812199105	2.767098181218923	2.7670981812165514	2.252556298346888e-21	1.639569896421053e-21	1.1651408924104415e-21	3.112894517277599e-22	2.8625478272557096e-22	4.402328666546701e-22	8.476140751983493e-22	4.6342853802941194e-21
4.547473508864641e-13	2.767098181149926	3.944273798337031e-22	2.7670981811464883	2.7670981811463795	2.767098181146642	2.7670981811408506	2.76709818115378	2.767098181158054	2.7670981811560758	2.7670981811513347	9.014573192583015e-21	6.559668302453293e-21	4.661369038697135e-21	1.2440762107078867e-21	1.1441148027909985e-21	1.759683063407884e-21	3.389591928359104e-21	1.854434697937947e-20
9.094947017729282e-13	2.7670981810180955	1.5769923132378048e-21	2.767098181011226	2.767098181011006	2.767098181011531	2.767098180999936	2.7670981810258013	2.7670981810343505	2.76709818103039	2.7670981810209123	3.606816437057875e-20	2.6242303142720168e-20	1.8647692447236008e-20	4.97430244600904e-21	4.574798398226882e-21	7.03646248438255e-21	1.355707622307678e-20	7.419420427899003e-20
1.8189894035458565e-12	2.767098180754432	6.30481033643094e-21	2.767098180740696	2.767098180740256	2.767098180741307	2.767098180718109	2.767098180769841	2.7670981807869395	2.7670981807790174	2.7670981807600636	1.4425295358874075e-19	1.0494777046610654e-19	7.457480658329586e-20	1.9887764863495363e-20	1.8290868636451232e-20	2.813361432700005e-20	5.42108924091589e-20	2.967292937147755e-19
3.637978807091713e-12	2.7670981802271	2.5222238391069445e-20	2.7670981801996337	2.7670981801987526	2.7670981802008523	2.7670981801544516	2.7670981802579173	2.7670981802921144	2.7670981802762684	2.7670981802383627	5.771855343103833e-19	4.199032510192245e-19	2.983774788417437e-19	7.956155184672153e-20	7.317384755760015e-20	1.125515503032091e-19	2.1688883471639014e-19	1.1872605206313172e-18
7.275957614183426e-12	2.7670981791724345	1.0088366693772713e-19	2.7670981791175047	2.767098179115741	2.767098179119942	2.767098179027133	2.767098179234069	2.7670981793024634	2.7670981792707674	2.767098179194958	2.3088314884050582e-18	1.679649572552222e-18	1.193532992565263e-18	3.1823160815065337e-19	2.9268340946418723e-19	4.501900490584167e-19	8.675488724915936e-19	4.749197870210202e-18
1.4551915228366852e-11	2.7670981770631067	4.035223840181097e-19	2.7670981769532497	2.7670981769497214	2.767098176958123	2.7670981767724983	2.767098177186376	2.7670981773231627	2.7670981772597694	2.7670981771081506	9.235465520075626e-18	6.718642952916382e-18	4.774157890820293e-18	1.2728918381468917e-18	1.1707047135262099e-18	1.8007202580921503e-18	3.4701678465112286e-18	1.899702254154532e-17
2.9103830456733704e-11	2.767098172844452	1.6136949696907954e-18	2.767098172624744	2.767098172617686	2.7670981726344897	2.7670981722632297	2.7670981730909885	2.7670981733645634	2.767098173237774	2.76709817293454	3.6933672817204244e-17	2.6868500547285838e-17	1.9092305792198724e-17	5.0903310176808435e-18	4.681687555984545e-18	7.201150026617567e-18	1.387743418489769e-17	7.597113311244434e-17
5.820766091346741e-11	2.767098164407138	6.456223152266894e-18	2.7670981639677246	2.7670981639536087	2.7670981639872156	2.767098163244685	2.767098164900213	2.76709816544736	2.7670981651937785	2.7670981645873116	1.477694072681018e-16	1.0749902989177327e-16	7.63869841690792e-17	2.0365893429587813e-17	1.873096433379642e-17	2.8811100257162966e-17	5.552246055579585e-17	3.0395571778705174e-16
1.1641532182693481e-10	2.767098147532507	2.582480945564368e-17	2.767098146653686	2.767098146625452	2.7670981466926663	2.767098145207595	2.767098148518656	2.7670981496129525	2.767098149105785	2.767098147892852	5.910790916432032e-16	4.299967285836621e-16	3.055483229019905e-16	8.146334464410504e-17	7.492366979397157e-17	1.15244148974408e-16	2.220897510612841e-16	1.2158254313312624e-15
2.3283064365386963e-10	2.7670540104293964	1.846168133357357e-07	2.7669912656471243	2.767042402917428	2.7670503381442457	2.7670498589410606	2.767052759842332	2.7670534728106135	2.7670939252181923	2.767058227213591	4.1140664254691567e-07	6.050740304335067e-07	1.4064506714058134e-06	1.2687963490330214e-06	3.719591366984912e-06	8.3795034841263e-06	4.51737961034523e-05	0.00042591079195271336
4.656612873077393e-10	2.7498357292657802	4.096669366677445e-06	2.7496247573282617	2.7496304260210516	2.74949502717351	2.750412694627693	2.749991917550875	2.7501062658349302	2.7499157597120027	2.749846335552241	0.0001458717316252737	0.00014980192890502907	9.16736344428589e-05	7.117958326299438e-06	1.2507719240756345e-05	9.094925302783367e-06	2.0597850102521237e-05	0.00013132408293408377
9.313225746154785e-10	2.749508609045934	2.1729844108601393e-06	2.7492260112954994	2.7493444601592687	2.7495282053691787	2.7495741927071458	2.7499756564534112	2.749581337318341	2.7495870161757736	2.7495141913336356	6.569261672499603e-05	0.00011160148851930715	2.566709450062911e-05	9.23898938772107e-06	4.090364443317074e-06	8.564563401888082e-06	8.11782895526313e-06	8.488029924421373e-05
1.862645149230957e-09	2.74917926016665	4.837263588856565e-07	2.7490970382605977	2.749187226812729	2.749179524134185	2.749342636427744	2.7491841527833376	2.749225973799464	2.7491846059895972	2.749139277246145	4.78828822801576e-05	3.800970129116646e-06	0.00010167911152653435	8.886404122072183e-07	5.916734656366685e-06	1.0917637717483937e-06	5.463041587316927e-06	3.315877959061974e-05
3.725290298461914e-09	2.754923684068489	4.732702746321077e-07	2.754995387232361	2.7549934634719966	2.755039488320155	2.7547273828694445	2.7548705947330676	2.754831814140258	2.7548965329240747	2.754920089203854	1.685195165722066e-05	1.7305997308771792e-05	1.0590672207248908e-05	8.223067966827845e-07	1.4449624294561343e-06	1.0506972101238337e-06	2.379581007286035e-06	1.5171323866536151e-05
7.450580596923828e-09	2.7553026931114553	4.1333835915562737e-07	2.7554489899026393	2.755384949607481	2.7553087916138446	2.7553252809916016	2.755372987691186	2.7553292740795667	2.7549605046535692	2.755273058577301	1.1603600252859421e-05	2.0227548318853888e-05	5.397069363091645e-06	1.8888405770794239e-06	1.1027484858327544e-06	1.7137844886524177e-06	1.8635783012063184e-06	1.5444113520030076e-05
1.4901161193847656e-08	2.7565082046473965	2.5430916511741967e-06	2.757390807145175	2.756747306246759	2.7567259179079002	2.7563319015283696	2.7563405897549647	2.755839138543214	2.7562559377448372	2.7564597665560715	2.3776858256516143e-05	1.733953948772619e-05	1.8539431761274804e-05	1.1667139709683149e-05	1.1946975046853886e-05	3.9030119701065795e-05	0.0001018079634048356	0.0010342597025234158
2.9802322387695312e-08	2.7611499965543227	5.6720505518721846e-05	2.7636658818951254	2.7622953071282743	2.7601189305883764	2.758933848669798	2.759598967883882	2.7614540327882975	2.761932378619929	2.7617312955937465	6.949099450466883e-05	8.547215502075158e-05	0.00011012275370610729	0.00014546063366438142	0.00019404160587631707	0.00025891763784615204	0.0003436068551658552	0.0004520753943989576
5.960464477539063e-08	2.758869496061175	0.00022861309564628979	2.763511028173024	2.7562354877111765	2.7573175422722067	2.7604122473548465	2.7593311997789884	2.759747876092868	2.7576810573237687	2.758740966265984	0.00047362052483794265	0.000648364050786016	0.0017406602304889803	0.00135583999220771	0.0048466472724757684	0.009854327947308613	0.05801392925319505	0.5033288730763181
1.1920928955078125e-07	3.2816789069011905	0.005246716781655049	3.288400489533643	3.2884516369902377	3.2922336396843574	3.259021100738271	3.2554496381163083	3.2852165363484356	3.2906497143309	3.282163544468343	0.1782226078823284	0.1771240788643736	0.11847086552352042	0.009108835557185304	0.01613199544396366	0.011611103863244692	0.026730372216899674	0.14996589385223
2.384185791015625e-07	3.011636293437151	0.13129439549483451	3.044918099432049	2.9637800225390136	2.954139043637476	2.977529472793709	2.9711884890983895	3.061870408444192	3.0596786920300727	3.059986119522307	0.13337843351856205	0.13337843351856205	0.13337843351856205	0.13337843351856205	0.13337843351856205	0.13337843351856205	0.13337843351856205	0.13337843351856205
4.76837158203125e-07	2.6830481376038464	0.0028677515587693337	2.674304773317502	2.6763397560598308	2.694840662810279	2.6832704175887625	2.6608786365367534	2.692578771692599	2.6898024791609783	2.683432577655212	0.01345935719079376	0.1148812970767633	0.007397705608250508	0.04235325926838932	0.005894101592874811	0.07798694018118787	0.07253479030855448	2.074015463310617
9.5367431640625e-07	2.5386133016519863	0.006702440362478535	2.5247774506399727	2.535623332920711	2.531356135039358	2.567424103466802	2.545081083137808	2.557120122528602	2.5201701050812866	2.534425655262643	0.19284751290448712	0.14683314029585898	0.07965730931219221	0.028085390946514126	0.013467044329874379	0.03275887868168707	0.03536283143381867	0.6923529443106238
1.9073486328125e-06	2.943059036875146	0.18492358587686866	2.858203451631557	3.076944395130347	3.0086210272543843	2.9001651957939454	2.9914412390602823	2.8649160932235547	2.871566674800831	2.97676945224463	0.21827373621954488	0.2626165546692507	0.31411300354937605	0.3722197788526668	0.4366738864290422	0.5073334803451642	0.5841158207365006	0.6669696796595579
3.814697265625e-06	2.859250166522713	0.14769433696063064	2.9357342662338883	2.9681323932489305	2.850063364952043	2.795541770044471	2.7181639372400688	2.902054459622641	2.830975274007922	2.8869593088719365	0.19419788396466384	0.350604541888734	0.2739905456978446	0.5589789817077532	0.35178564397437234	0.7694584766354005	0.6446873259734874	1.730968589849078
7.62939453125e-06	2.656475936353162	0.45881265664162946	2.6894283763712306	2.5494326967949146	2.532841515612963	2.736473453008289	2.6614701632177318	2.5794986160146136	2.7447281490485786	2.7579345207569745	0.4660953972232426	0.4660953972232426	0.4660953972232426	0.4660953972232426	0.4660953972232426	0.4660953972232426	0.4660953972232426	0.4660953972232426
1.52587890625e-05	2.678969873709782	0.08370174462781042	2.640517913799151	2.706287892615371	2.7293129270524785	2.6268561873934573	2.825345831201293	2.66295605337953	2.627193976523755	2.650476544812349	0.21465444891274285	0.6671220423025873	0.1261301964245252	0.38208154039934195	0.10254699649759916	0.28634478600908886	0.16250677856030774	0.5070563663365393
3.0517578125e-05	3.116472827671793	0.013740703283053251	3.075656548960353	3.147865481460117	3.1454134418417286	3.1437994193022263	3.0966727113553665	3.1035615376054007	3.0931012250564103	3.118779401588477	0.02080657368835933	0.04735226722592092	0.039977988188020036	0.03751570824899272	0.064930601533117	0.07759253976623542	0.12701106836247367	0.41979845075951355
6.103515625e-05	3.3216608466110524	0.0262023165846638	3.332017831829574	3.339660593330029	3.32015897894593	3.1823754576465193	3.348251382172124	3.3028520299871555	3.348921497113566	3.337244526451181	1.331681515675621	0.09405298953827869	1.5424344388055689	0.03877867974211501	0.2479606896171458	0.048210157634841766	0.19213381953636333	0.17520997578416886
0.0001220703125	2.606040260731436	0.17451917230339767	2.655429123412222	2.543692545818869	2.6034588217938746	2.669244487172822	2.710496619349711	2.628672549823258	2.4552903287294536	2.5926305367914075	0.35127746098123014	0.6294437559157244	0.24784087728712312	0.478789218020191	0.20599293270404823	0.41210516694030835	0.29643996535418093	0.5512515295752244
0.000244140625	2.849097787372021	0.5505043507282112	2.7488677795067336	2.9522919605895974	2.9114210112078607	2.6965791874680782	2.9348362738195726	2.860920169886384	2.7587275849604223	2.9291383315375183	0.5592425150254844	0.5592425150254844	0.5592425150254844	0.5592425150254844	0.5592425150254844	0.5592425150254844	0.5592425150254844	0.5592425150254844
0.00048828125	3.0132791641203895	0.818505709247062	2.8086096107632934	2.963480499216428	2.989616674652606	3.1070200199455407	3.1457057830378483	2.885696048640909	3.0910579205318913	3.115046756174603	0.8314978633620947	0.8314978633620947	0.8314978633620947	0.8314978633620947	0.8314978633620947	0.8314978633620947	0.8314978633620947	0.8314978633620947
0.0009765625	2.821556889571366	0.9995271097290014	2.9312196185947768	2.8095436936439837	2.8481960766704355	2.5523715437819905	2.9615899137585644	2.8395244262893993	2.7111644469106526	2.9188453969211254	1.0153926194072396	1.0153926194072396	1.0153926194072396	1.0153926194072396	1.0153926194072396	1.0153926194072396	1.0153926194072396	1.0153926194072396
0.001953125	2.8530959219157648	0.11592961319401074	2.8219435530560206	2.8979801397974927	2.8073273083778605	2.99507622520114	2.8492712028293203	2.6778146356304573	2.893631233084883	2.899764164221716	1.3974501354520565	0.4755296357279163	0.9645306343032993	0.16578013736265948	0.3469934213930408	0.2189337118372729	0.45343752333151155	0.6654864442364243
0.00390625	2.6167961224172416	0.02474395128520074	2.598551665179628	2.650653295773927	2.6490121382023384	2.6979592589776553	2.546507664469947	2.6118586947046603	2.5661354532311553	2.604374975228346	0.37789818195454594	0.36293697475026604	0.2693001395826012	0.08690488881528428	0.06932281184230245	0.08494945014486535	0.11957101711446441	0.4045606938337277
0.0078125	2.9281788306335295	0.14384008077671298	2.9874261301261407	2.9424505730491366	2.7814010787596857	2.840318325330521	3.0338134525881086	2.918415686873386	2.9680805093620055	2.9619007402338142	0.3688801638268127	1.146438331491747	0.21675268207143342	0.6566008854331252	0.176225338255935	0.49207883698297333	0.27926524421832977	0.8713680821995783
0.015625	3.0953188198484805	0.019091183171573496	3.1511447877133003	3.0934805793853615	3.001325141021581	3.1731289781886045	3.058145534711252	3.107125185940343	3.0742606918213475	3.0895386430295484	0.10169696040842961	0.27492566297184945	0.09167919815764304	0.16764527122754797	0.07227545327723522	0.34505416674916145	0.4084889491504697	7.5458839209246475
0.03125	3.1032513996271134	0.15292903952868223	3.1856145205808635	3.035237174358142	3.1355892478072582	3.0041359537368786	3.233074801548134	3.132485828581323	3.0514875641706602	3.0777196446851742	0.20108080299289466	0.36303095264765217	0.28370154101003625	0.5787907685061466	0.36425391630487236	0.7967302485443433	0.6675368574730244	1.7923189837056956
0.0625	3.5171118467839153	1.5167721433451884	3.3489924507427427	3.0732272232235553	3.207516238669394	3.9175082673349255	3.3974393860969356	3.80077280420923	3.759500733517234	3.627777850561822	4.597464595921782	3.121876570015507	6.474064616988465	3.1218765700155076	6.474064616988467	4.597464595921782	7.184642235932519	7.184642235932519
0.125	5.09550574302653	0.788455547394657	5.093211943476981	5.2309599728645875	5.4435131127673655	5.277915886565183	4.7070393283887	4.850754246991008	5.084061137538391	5.07421098550407	2.0062135264963987	7.193485978101305	1.7680672725819713	6.173332649814734	1.8488267345736096	6.391214975142767	4.042670526371997	15.30102520848986
0.25	7.772931275437612	3.1129995526315666	7.920555631742215	7.456722895112882	7.424939042542834	8.601287324871766	7.683799981035801	7.655605117265652	7.499781681243358	8.087465988407525	14.060741896477866	7.886331592665992	13.071479607739793	4.03826673657788	8.71963614309771	5.207776806994127	8.977987769337833	9.779900851996786
0.5	8.941688340635121	0.14544693811455894	8.980055275199096	8.861380349026353	8.937318179739133	9.17999278957979	8.99884944642525	8.805150228145443	8.914112871441144	8.969464741838047	5.716492312776898	0.8746666167946759	7.929972629432684	0.29639173813553854	3.5873143594640853	0.4046121531231681	4.911536747912983	5.144869851279013
