h	mu	var	mu_cv1	mu_cv2	mu_cv3	mu_cv4	mu_cv5	mu_cv6	mu_cv7	mu_cv8	var_cv1	var_cv2	var_cv3	var_cv4	var_cv5	var_cv6	var_cv7	var_cv8
1.7763568394002505e-15	11.35153488450382	3.677907909527829e-25	11.351534884503884	11.351534884503637	11.351534884503467	11.35153488450312	11.3515348845029	11.351534884502595	11.351534884502435	11.35153488450236	5.147573925828429e-26	6.369176698335589e-26	3.029607980008028e-26	1.5144869291246732e-26	2.6007259992959897e-26	1.003592273252732e-26	2.1608469830212734e-26	8.227027815573331e-26
3.552713678800501e-15	11.351534884504535	7.704922915814275e-25	11.351534884503739	11.351534884503414	11.351534884502849	11.351534884502273	11.351534884501877	11.351534884501348	11.351534884500678	11.35153488449985	1.117721747794406e-25	1.3508920971182015e-25	6.073519854731699e-26	3.2070067186664175e-26	5.396993909859643e-26	2.208652974557481e-26	4.73833160181339e-26	1.7912151272538034e-25
7.105427357601002e-15	11.351534884503737	1.3343506747241667e-24	11.351534884503195	11.351534884502813	11.351534884501442	11.351534884500504	11.351534884499427	11.35153488449818	11.351534884497285	11.351534884496454	2.1732345263648444e-25	2.5465687265033653e-25	1.3991315620093243e-25	7.251469677381502e-26	1.0048268787097349e-25	4.8845998485276697e-26	8.44925665715942e-26	2.77499907262415e-25
1.4210854715202004e-14	11.351534884502367	2.1751726768004974e-24	11.35153488450295	11.351534884501238	11.351534884499147	11.35153488449682	11.351534884494788	11.351534884493056	11.351534884490606	11.351534884488451	3.7231667616373358e-25	4.336464852137808e-25	2.2028701667226393e-25	1.0881575742416451e-25	1.9749083421053324e-25	7.192536909128699e-26	1.6698727126845722e-25	5.495162293374921e-25
2.842170943040401e-14	11.351534884500548	7.062914934540813e-24	11.35153488450103	11.351534884497552	11.351534884494173	11.351534884489675	11.35153488448599	11.351534884482255	11.351534884477267	11.351534884475255	1.5478921043244094e-24	1.7831502590099294e-24	8.579794363693794e-25	4.452960084405494e-25	6.530305003114304e-25	3.074391861785562e-25	5.906574276336846e-25	2.2051629865235247e-24
5.684341886080802e-14	11.351534884497886	2.651619888155113e-23	11.351534884499792	11.351534884491665	11.351534884483621	11.351534884475514	11.35153488446809	11.35153488445916	11.351534884451604	11.35153488444404	5.059719300639417e-24	5.925891504271572e-24	2.8702203600717167e-24	1.445201383144689e-24	2.520863768493311e-24	9.692573663859852e-25	2.1945720941858067e-24	7.685631706474937e-24
1.1368683772161603e-13	11.351534884501705	1.6454682993380658e-23	11.351534884497482	11.351534884480566	11.35153488446378	11.351534884447629	11.351534884431647	11.35153488441445	11.351534884398001	11.351534884382216	2.953472203235355e-24	3.437388375279318e-24	1.7418411206145337e-24	8.210606725101317e-25	1.6741002035427406e-24	5.281479924593119e-25	1.370247286362201e-24	4.547021343398792e-24
2.2737367544323206e-13	11.35153488449298	2.224037299252011e-23	11.351534884489565	11.351534884455832	11.351534884424243	11.351534884391226	11.351534884358143	11.351534884325087	11.351534884295537	11.35153488425828	4.680718811483621e-24	5.444294415474123e-24	2.8597459139566018e-24	1.3222159646123992e-24	2.7087848697974433e-24	8.395020265814721e-25	2.1779761622461292e-24	6.950683935002905e-24
4.547473508864641e-13	11.351534884508322	9.123582720043495e-23	11.35153488447391	11.351534884406279	11.351534884341305	11.351534884278129	11.351534884208855	11.351534884143966	11.351534884084385	11.351534884017866	1.7758223953027036e-23	2.061884856447417e-23	1.0680227394970463e-23	4.889899526339572e-24	1.0630079491383232e-23	3.0892318028298992e-24	8.486117797334371e-24	2.7110913693765415e-23
9.094947017729282e-13	11.351534884496958	4.037728056768183e-22	11.35153488443939	11.351534884309897	11.351534884182117	11.3515348840485	11.351534883919314	11.351534883788615	11.35153488365963	11.351534883530983	7.788323590655445e-23	9.201047352253293e-23	4.781246928078676e-23	2.1394792460124586e-23	4.7814206217663663e-23	1.3280746170369513e-23	3.683625747593577e-23	1.192903891111636e-22
1.8189894035458565e-12	11.351534884504728	2.4185039075414295e-22	11.351534884377086	11.351534884114347	11.35153488385897	11.351534883592702	11.351534883335775	11.351534883072501	11.351534882815798	11.351534882552418	4.239955693947106e-23	5.898503261716146e-23	1.8103446944263716e-23	1.6462968404743674e-23	1.2251493839875793e-23	1.819293112389778e-23	2.1730366039021925e-23	1.1475820079388222e-22
3.637978807091713e-12	11.351534884502236	1.1015065055101437e-21	11.351534884251107	11.351534883735352	11.351534883209105	11.351534882685705	11.351534882168476	11.351534881645792	11.351534881127897	11.351534880606383	2.19681734974729e-22	2.557357993948327e-22	1.3639415294112862e-22	5.944935899396454e-23	1.447579540671613e-22	3.6372231972016577e-23	1.0933349917314775e-22	3.323893984156815e-22
7.275957614183426e-12	11.351534884294677	4.120810601532844e-21	11.351534883972981	11.351534882943179	11.351534881922111	11.351534880862866	11.351534879834855	11.35153487878909	11.351534877754277	11.35153487676097	1.175828747071786e-21	1.374882546514065e-21	7.145639080297679e-22	3.366264178258804e-22	5.891621152861816e-22	2.1702586399378824e-22	4.848734719151454e-22	1.6894331128543777e-21
1.4551915228366852e-11	11.351534884504463	3.0162193165802815e-23	11.351534883498333	11.351534881398521	11.351534879346337	11.351534877228604	11.351534875170742	11.351534873066822	11.351534870999236	11.351534868911028	5.479838259171388e-24	6.36942384024695e-24	3.417348199034821e-24	1.4919629731658343e-24	3.583086581575942e-24	9.144053922594178e-25	2.7006911009030352e-24	8.243137877516823e-24
2.9103830456733704e-11	11.35153488449699	9.24882231873946e-23	11.35153488249565	11.351534878294256	11.351534874181029	11.351534869947784	11.35153486583373	11.351534861631857	11.351534857498836	11.351534853324377	2.388010152636117e-22	3.32530838383487e-23	1.942398653236581e-23	1.5132946999073725e-23	4.4285769073538575e-24	2.82230186073404e-23	5.259622468890175e-24	1.8241316480518194e-23
5.820766091346741e-11	11.351534884498246	1.8402936439957087e-22	11.35153488048699	11.35153487209269	11.351534863857815	11.351534855397686	11.351534847158515	11.351534838753398	11.351534830480306	11.351534822138014	3.919871300996721e-23	4.5024847974397556e-23	2.4232870490499497e-23	1.0656502865174964e-23	2.5563006028804885e-23	6.578213145196971e-24	1.9734523389140906e-23	5.87490893201604e-23
1.1641532182693481e-10	11.351534884528181	4.110971567606258e-21	11.351534876463328	11.351534859672588	11.351534843225425	11.351534826292706	11.351534809822658	11.35153479301099	11.351534776466954	11.351534759776328	1.0878349085870464e-20	1.997585427003018e-21	2.7033807683226743e-22	3.4477566094883857e-22	6.253844405658157e-23	9.155880613096908e-22	7.162869012246968e-23	4.146992723008407e-22
2.3283064365386963e-10	11.351534884491524	3.9303873934031855e-21	11.35153486845481	11.351534834856546	11.351534801915731	11.351534768081493	11.351534735141467	11.351534701512072	11.351534668430606	11.351534635061247	8.433439820434153e-22	9.759101171789439e-22	9.15514661748038e-22	5.010151841054156e-22	6.664998044244664e-22	3.7810483868294215e-22	4.71370635162016e-22	1.0835010437214476e-21
4.656612873077393e-10	11.35153488449257	1.2676493677791737e-20	11.35153485242237	11.351534785187505	11.351534719335323	11.351534651642268	11.351534585754237	11.351534518544286	11.351534452337663	11.351534385554444	2.724336801892804e-21	3.0838191201893863e-21	1.7072489298182587e-21	7.267486075217427e-22	1.911130553596518e-21	4.418462953064213e-22	1.4414726415024636e-21	4.018470695410391e-21
9.313225746154785e-10	11.35153488449921	5.1523531791166166e-20	11.351534820347057	11.351534685878013	11.35153455415628	11.35153441878922	11.351534287005594	11.351534152573205	11.351534020230035	11.351533886682688	1.1073179456693254e-20	1.2534286095378324e-20	6.939221103605251e-21	2.953909693658716e-21	7.767874858016223e-21	1.7959074550959764e-21	5.858923609816232e-21	1.6333152783827176e-20
1.862645149230957e-09	11.351534884553073	2.1147612747541509e-19	11.35153475616555	11.351534487294414	11.35153422378654	11.35153395306806	11.351533689533222	11.351533420656496	11.351533155923272	11.351532888851228	4.73266628429217e-20	5.444753497972127e-20	2.950319198788883e-20	1.2580738190803654e-20	3.3079679420267144e-20	7.611822112882519e-21	2.4694219358718107e-20	7.105900940847094e-20
3.725290298461914e-09	11.351534884592251	1.6351627374200394e-19	11.35153462787918	11.351534090091542	11.351533563014387	11.35153302163398	11.351532494700278	11.351531956763568	11.351531427331826	11.351530893146776	3.643819504326627e-20	4.0805390427810646e-20	2.2917054196378002e-20	9.495487945843054e-21	2.718671303674563e-20	5.7009942767912476e-21	2.0129986926573705e-20	5.326604401077362e-20
7.450580596923828e-09	11.351534884192287	2.2110146412932006e-18	11.351534371233642	11.35153329567893	11.351532241655626	11.351531158813746	11.351530104834923	11.351529029229276	11.351527970425305	11.351526902136419	4.958931162114814e-19	5.701017922147371e-19	3.0928310080522145e-19	1.3175419385145924e-19	3.4742116516509866e-19	7.968243200400611e-20	2.592176589252659e-19	7.439765459738882e-19
1.4901161193847656e-08	11.349295075574892	7.031303960748321e-06	11.35000790517799	11.350473698436986	11.351673319233328	11.351067586239244	11.346036683176168	11.346593935241158	11.341719238365393	11.33994393388205	5.177573228423022e-06	5.999443445394337e-06	3.976780833093123e-06	4.228787652676844e-06	3.0252976179804294e-06	3.952469489606424e-06	1.4030658027281942e-06	1.992749816037706e-06
2.9802322387695312e-08	11.337930548096901	0.00028209690377405686	11.342153004636092	11.357227845797272	11.337533841541749	11.350918693078825	11.360304210058946	11.36165520511024	11.375026603657316	11.388619328243221	0.0002492872875861709	0.0001789780713332578	0.00018997683500761217	0.00016388826006029144	0.0001509560439319734	0.00012141073750296441	9.281222206122915e-05	0.0002200846157106256
