h1	h2	mu	var	mu_cv1	mu_cv2	mu_cv3	mu_cv4	mu_cv5	mu_cv6	mu_cv7	mu_cv8	var_cv1	var_cv2	var_cv3	var_cv4	var_cv5	var_cv6	var_cv7	var_cv8
1.7763568394002505e-15	1e-15	4.232512813981532	1.3366582341727079e-24	4.232512813977274	4.232512813964504	4.232512813949455	4.23251281396734	4.2325128139528765	4.2325128139383885	4.232512813975548	4.232512813935626	1.2282221630332292e-24	8.1079434764210475e-25	7.925234067787325e-25	7.643898551846198e-25	8.38799040805742e-25	8.926315149616477e-25	9.63322554567131e-25	1.5168596423612318e-24
3.552713678800501e-15	1e-15	4.232512813984281	4.477468260241759e-25	4.2325128139735835	4.232512813942625	4.232512813912348	4.232512813950099	4.232512813919999	4.232512813891771	4.2325128139697785	4.232512813884067	4.665984649631148e-25	3.5183108200049107e-25	3.615624005712338e-25	3.6443813707869097e-25	3.501191987111789e-25	4.3857419647169185e-25	4.4198048201649e-25	4.955944617258218e-25
7.105427357601002e-15	1e-15	4.232512813983763	1.2691611108892215e-24	4.232512813962052	4.232512813900967	4.2325128138398505	4.232512813915832	4.232512813855125	4.2325128137988	4.2325128139543295	4.232512813784332	1.3225970385769241e-24	9.972830647223605e-25	1.024866981279245e-24	1.0330184024134555e-24	9.92430644624895e-25	1.2431608267197524e-24	1.2528161160367755e-24	1.4047876635545983e-24
1.4210854715202004e-14	1e-15	4.232512813985281	3.0931052991935986e-24	4.2325128139396	4.232512813818052	4.2325128136967	4.232512813847312	4.232512813725936	4.232512813615762	4.232512813927632	4.232512813586995	2.842177891057102e-24	1.8762255220761135e-24	1.8339454967405942e-24	1.7688428135743555e-24	1.9410300193007498e-24	2.0656015117162227e-24	2.2291847101877112e-24	3.510101892892869e-24
2.842170943040401e-14	1e-15	4.232512813982639	9.393960717072187e-25	4.232512813896581	4.232512813652441	4.2325128134109	4.232512813711883	4.232512813470809	4.2325128132478715	4.2325128138677846	4.232512813189155	9.789477882916394e-25	7.381598642933002e-25	7.585766755503689e-25	7.646101199465207e-25	7.345682443336887e-25	9.20151418997243e-25	9.272979828005198e-25	1.0397828939159308e-24
5.684341886080802e-14	1e-15	4.232512813982238	1.9148259386902687e-25	4.232512813809653	4.232512813322582	4.2325128128384915	4.232512813441012	4.232512812958349	4.232512812511307	4.2325128137532895	4.232512812392686	1.7594861544438923e-25	1.161501128797869e-25	1.1353271446072783e-25	1.0950245055611547e-25	1.2016191720671605e-25	1.2787367292873067e-25	1.3800049763297827e-25	2.1729729517159935e-25
1.1368683772161603e-13	1e-15	4.232512813984563	6.026409585891046e-25	4.232512813636647	4.232512812661228	4.232512811692395	4.2325128128986105	4.2325128119323	4.232512811038788	4.232512813525635	4.23251281080126	6.280141585780744e-25	4.735439944956068e-25	4.866417783568187e-25	4.905123509768245e-25	4.712399000241297e-25	5.902951373682674e-25	5.948797978653014e-25	6.670410690298766e-25
2.2737367544323206e-13	1e-15	4.232512813983067	1.6935647001043892e-24	4.232512813288447	4.2325128113383945	4.232512809401811	4.23251281181232	4.23251280988073	4.232512808095234	4.2325128130657985	4.232512807622073	1.7648694383860545e-24	1.33077146781023e-24	1.3675793615997223e-24	1.3784565930009516e-24	1.3242964132906451e-24	1.6588700005234643e-24	1.6717539890228817e-24	1.8745443566824272e-24
4.547473508864641e-13	1e-15	4.2325128139837105	4.664671004620678e-25	4.232512812594098	4.232512808692827	4.232512804819939	4.232512809641645	4.2325128057777945	4.232512802205229	4.232512812148425	4.232512801257921	4.861069255678963e-25	3.665411235418554e-25	3.766793080995768e-25	3.796752790196566e-25	3.647576664900532e-25	4.569109636850561e-25	4.604596658736048e-25	5.163152436368605e-25
9.094947017729282e-13	1e-15	4.232512813983155	6.010138506947937e-25	4.232512811204616	4.232512803402115	4.232512795656658	4.232512805299636	4.232512797573027	4.232512790428335	4.232512810312537	4.232512788533291	6.263185439992815e-25	4.7226544354289485e-25	4.853278638809098e-25	4.8918798610059715e-25	4.699675700397245e-25	5.887013627263413e-25	5.932736448126796e-25	6.652400832625149e-25
1.8189894035458565e-12	1e-15	4.23251281398269	5.295878251134147e-25	4.2325128084255335	4.232512792821714	4.23251277733004	4.2325127966166765	4.2325127811623044	4.23251276687232	4.232512806641854	4.232512763082332	4.866251427983306e-25	3.212390454077358e-25	3.1400004624756625e-25	3.028534524358253e-25	3.323345851398338e-25	3.53663165759653e-25	3.8167115835085317e-25	6.009841397472748e-25
3.637978807091713e-12	1e-15	4.232512813982766	1.2916382540470334e-24	4.232512802868387	4.232512771658621	4.232512740675143	4.23251277924767	4.232512748340094	4.23251271976055	4.232512799299483	4.232512712182833	1.3460205446402027e-24	1.0149451834418043e-24	1.043017617678582e-24	1.051313402407139e-24	1.0100068258378578e-24	1.265177498701442e-24	1.2750037854736702e-24	1.4296667850066599e-24
7.275957614183426e-12	1e-15	4.23251281398358	7.687472356839434e-25	4.232512791753499	4.232512729334154	4.232512667366642	4.232512744513193	4.232512682696918	4.232512625537669	4.232512784616959	4.2325126103804305	8.011140655085249e-25	6.040672004695895e-25	6.2077513409638055e-25	6.257125548935159e-25	6.011280271020015e-25	7.5299852859641555e-25	7.588468617264697e-25	8.508979859332964e-25
1.4551915228366852e-11	1e-15	4.232512813983449	1.550890332489092e-24	4.23251276952416	4.232512644684718	4.232512520751677	4.232512675042111	4.232512551410984	4.232512437096222	4.232512755249603	4.2325124067827256	1.4250747349609717e-24	9.407439263434596e-25	9.195446213707708e-25	8.869019816365397e-25	9.732370549394078e-25	1.0356974966648418e-24	1.117718500325217e-24	1.759973413500826e-24
2.9103830456733704e-11	1e-15	4.2325128139828845	2.0946892009084645e-24	4.232512725064468	4.232512475387687	4.232512227528069	4.2325125361030675	4.232512288846446	4.232512060222168	4.2325126965163955	4.232511999597388	1.924758053665449e-24	1.2706031510101885e-24	1.241970594431033e-24	1.1978822514269836e-24	1.314489558803083e-24	1.398850915647855e-24	1.5096314827942856e-24	2.377084456532388e-24
5.820766091346741e-11	1e-15	4.232512813982887	9.841010263661248e-25	4.232512636145174	4.232512136804851	4.232511641107906	4.2325122582306705	4.232511763736181	4.2325113065208555	4.232512579053193	4.232511185278884	5.310978405174737e-25	3.546771640637164e-25	3.8682440079493413e-25	3.940803879366362e-25	3.292954693375695e-25	3.1686060289237187e-25	3.2926895309942292e-25	8.39958491869337e-25
1.1641532182693481e-10	1e-15	4.232512813979327	3.919159585969116e-24	4.232512458310406	4.23251145967127	4.232510468374348	4.232511702509765	4.232510713602384	4.232509799289682	4.232512344125727	4.232509556843591	2.115084871353629e-24	1.4124936060647169e-24	1.5405192331313843e-24	1.5694160341704297e-24	1.3114115936200147e-24	1.2618900254851828e-24	1.3113059933147166e-24	3.3451152747802664e-24
2.3283064365386963e-10	1e-15	4.232512813983962	9.607090294136427e-25	4.2325121026538035	4.232510105545795	4.232508123330085	4.232510591161099	4.232508613673865	4.2325067855269465	4.232511874292793	4.232506300790607	8.827717452264728e-25	5.827498988620808e-25	5.696178525284967e-25	5.493971585957132e-25	6.02877977154972e-25	6.415695010427209e-25	6.923779413091749e-25	1.0902268938413552e-24
4.656612873077393e-10	1e-15	4.232512813981865	1.14953874624317e-24	4.23251139137224	4.232507397859838	4.232503434929244	4.232508368844179	4.232504415170844	4.232500760791641	4.232510934692044	4.2324997919429315	1.056282697630001e-24	6.972908212595001e-25	6.815776389995906e-25	6.573825180628744e-25	7.213751227250737e-25	7.676715605625568e-25	8.284665244218207e-25	1.3045136646960607e-24
9.313225746154785e-10	1e-15	4.232512813978232	1.7116070085671862e-24	4.232509968969373	4.232501984739763	4.2324940648776606	4.2325039257277135	4.23249602357567	4.232488722467117	4.232509055761688	4.2324867872511405	1.5637764551897542e-24	1.085930461574362e-24	1.1800751551517427e-24	1.0011036263298617e-24	1.0700238184547252e-24	2.7231064514360914e-24	1.2073309372318216e-24	2.413676061602026e-23
1.862645149230957e-09	1e-15	4.232512813982971	3.0261319244473324e-22	4.232507124786531	4.232491167495895	4.232475351724164	4.232495045556798	4.232479262008424	4.232464690278316	4.232505298988646	4.2324608297557225	1.6331373376667145e-22	1.0906399447709524e-22	1.1894933924849492e-22	1.2118057097613553e-22	1.0125906849394736e-22	9.743532018784899e-23	1.0125091469341432e-22	2.5828905156633565e-22
3.725290298461914e-09	1e-15	4.232512813987707	5.556309619036883e-24	4.232501438906301	4.232469568915912	4.232438032781124	4.232477309417573	4.2324458250271055	4.232416802866885	4.232497789773253	4.232409121162475	2.998619004406426e-24	2.002534379642301e-24	2.1840401355447275e-24	2.2250079935893682e-24	1.8592273910549742e-24	1.78901918459063e-24	1.8590776783473794e-24	4.74246985108653e-24
7.450580596923828e-09	1e-15	4.232512814012979	2.0994787857129117e-21	4.232490077071847	4.232426514739423	4.232363820848048	4.232441933602134	4.232379293198592	4.232321728315221	4.232482788654474	4.232306519954822	9.447988615145362e-22	6.013146826222126e-22	6.546466922992467e-22	7.196538766972656e-22	9.050623639093464e-22	2.5480805352830597e-21	5.618500412651783e-22	1.1622853848848227e-20
1.4901161193847656e-08	1e-15	4.232512814326894	7.77151960497617e-20	4.232467393063139	4.232340972941683	4.232217072812732	4.232371564718425	4.232247578055261	4.232134320604795	4.232452855417158	4.232104504236742	3.4973074864997726e-20	2.2258519002728545e-20	2.4232679263819292e-20	2.6639012737897956e-20	3.3502171837699995e-20	9.43208284348996e-20	2.079767912142424e-20	4.3023648139144655e-19
2.9802322387695312e-08	1e-15	4.232512800651383	1.498040303837361e-16	4.232422179447595	4.232172110077639	4.231930075275205	4.232232334786394	4.231989392245767	4.23177008886114	4.23239326580051	4.231712672736109	6.741419742832988e-17	4.290558380423754e-17	4.6710980673417485e-17	5.13494358428721e-17	6.457888061772384e-17	1.8181309405203793e-16	4.008966474224251e-17	8.293250510388181e-16
5.960464477539063e-08	1e-15	4.232513261842338	1.2944915139941027e-13	4.2323324609512865	4.231843019314284	4.231379874449139	4.231959756978826	4.231492399166719	4.231078345549597	4.232275104316833	4.230971593595666	1.9451658621930607e-14	1.0373722340686765e-14	1.0792830256550454e-14	1.3425826793116076e-14	1.2004951023530496e-14	2.3557123173003403e-14	1.0487065512755696e-14	8.726018085754224e-14
1.1920928955078125e-07	1e-15	4.2325129589997434	2.486148035593943e-13	4.232155273141038	4.231215438707453	4.230357650734233	4.23143569085358	4.230564152708766	4.229809574416176	4.232043186642216	4.229612220603676	1.1188061768316415e-13	7.120611682989224e-14	7.752155435635627e-14	8.521953563098364e-14	1.0717512524701936e-13	3.0173705304541345e-13	6.653281690170034e-14	1.3763480469971282e-12
2.384185791015625e-07	1e-15	4.232520462770122	1.2577376489054689e-11	4.231812477058366	4.230056382117863	4.2284835989170615	4.23046208925094	4.228867023978559	4.22746605847265	4.231593775435646	4.227109203051346	1.2957419701690372e-12	6.236810163363306e-13	3.5136400782528017e-13	4.4603048409974e-13	3.889462384503197e-13	2.4017869902379124e-12	5.909018472922645e-13	1.2211932371732818e-11
4.76837158203125e-07	1e-15	4.232464793091635	1.057960323310787e-09	4.231140991997871	4.227934985301063	4.224975854451683	4.228667295676263	4.225690213792531	4.223012225416106	4.2307619700880545	4.2223058579544865	9.128303146595941e-11	6.154422600280515e-11	2.5347927041472216e-11	3.6416739138699015e-11	3.833170029412461e-11	1.02046817347194e-10	4.26521864325418e-11	4.5281354350476137e-10
9.5367431640625e-07	1e-15	4.23156280602064	1.686030814159471e-08	4.229806016256049	4.223819121570366	4.219384579493322	4.225399823413775	4.2200699297186395	4.219130811491179	4.229313929662498	4.219953626762856	8.018283900637333e-09	5.206262839822951e-09	5.657238627972004e-09	6.220264371481466e-09	6.8496906601387205e-09	3.571877970086808e-08	4.824631630388301e-09	2.0025128326536267e-07
1.9073486328125e-06	1e-15	4.241464888185208	5.10592155811484e-06	4.22972598884829	4.220510950316668	4.234381777520984	4.218141383341893	4.231013292319107	4.2486199051766524	4.225045284869742	4.253007207034091	2.755554400120845e-06	1.840211248281009e-06	2.0070043565715797e-06	2.044651407208157e-06	1.7085205592038785e-06	1.644003349127122e-06	1.7083829820360585e-06	4.3580507048074745e-06
3.814697265625e-06	1e-15	4.214096710702683	1.7973475652805702e-05	4.220332350748549	4.24189037288738	4.261903260535702	4.2379435314152225	4.256969804161426	4.276897409975409	4.2251674491662365	4.283837934280742	1.873021909305112e-05	1.4123221022888214e-05	1.451385610332873e-05	1.462929406312317e-05	1.4054502517624627e-05	1.760526749508919e-05	1.7742002781075623e-05	1.9894177856245586e-05
7.62939453125e-06	1e-15	4.182501880193572	2.6029300582354177e-05	4.213172278986436	4.270820947184636	4.279296120103614	4.262539459055391	4.28386143754195	4.277606730059556	4.227982471036943	4.273837529355765	1.171359945315587e-05	7.4550887225329366e-06	8.116298028377743e-06	8.92225594241879e-06	1.122094706375511e-05	3.159105708149404e-05	6.965806802059582e-06	0.00014409993495300213
1.52587890625e-05	1e-15	4.250935162975689	0.0008047683914828351	4.259077816646182	4.286552338342112	4.350198425372214	4.269765349405325	4.339853347120852	4.444376614572594	4.25068414629244	4.433021702224234	0.0007394817532692587	0.0004881589371864868	0.0004771584620361604	0.0004602199563776019	0.000505019860416588	0.0005374310426682741	0.0005799923442643922	0.0009132631388335581
3.0517578125e-05	1e-15	4.367134971478739	0.015278929419208966	4.380478758666671	4.363716470473646	4.345042321296159	4.368920256261077	4.34649800173276	4.360514080760044	4.379588499883563	4.392321382755993	0.01552145210840276	0.01552145210840276	0.01552145210840276	0.01552145210840276	0.01552145210840276	0.01552145210840276	0.01552145210840276	0.01552145210840276
6.103515625e-05	1e-15	3.737098728928752	0.01155569648811182	4.1821815371315605	4.415402775749772	3.8251559126912755	4.510477153651202	4.029469812765223	3.5784366670259473	4.377380521211481	3.7127674106421305	0.006236357128062147	0.004164757021254569	0.004542242361321588	0.0046274449806488135	0.003866715303229662	0.0037207002715805037	0.003866403939262077	0.009863118861378115
0.0001220703125	1e-15	4.785856686199136	0.01732021405454017	4.556544268827106	3.8145720752692522	3.3657381788345235	3.931053456428928	3.443455959529532	3.2545391692591457	4.294408794870995	3.3412419699234843	0.015915115940936267	0.010506149811783567	0.010269397739607607	0.009904847457967289	0.010869030365484847	0.01156658337614112	0.012482587113224114	0.019655236488069407
0.000244140625	1e-15	4.609967360383852	0.10889372696170697	4.09998921304017	3.12088159941404	2.7188549598412055	3.5792530867034285	2.810519720437412	3.134926550006994	4.30320598653075	3.7073272092570453	0.05876756723727451	0.03924609082637037	0.04280327888470615	0.04360617560104427	0.03643753026065743	0.03506157503328931	0.03643459615946336	0.09294392366451723
0.00048828125	1e-15	4.980778750784193	0.05449322186960434	3.8702471995493495	2.9284129858016925	3.8284807163574084	2.717086722707897	3.4576472350532916	4.329095164213651	3.394224035970019	4.236496038424545	0.029408802229029828	0.019639753313502973	0.02141986171370752	0.0218216518821986	0.018234277366342727	0.01754571397908775	0.01823280906663626	0.0465115300485889
0.0009765625	1e-15	3.6282391145318047	0.3596738232500765	3.6620675447062783	3.5772944734561762	3.7558725078382023	3.6137007338000267	3.6407058289027128	3.5187459818988356	3.710271949795986	3.5472538958562225	0.3653829315556333	0.3653829315556333	0.3653829315556333	0.3653829315556333	0.3653829315556333	0.3653829315556333	0.3653829315556333	0.3653829315556333
0.001953125	1e-15	3.2312926142176974	0.025765512214996653	3.363163556243524	3.650027545433251	4.104528505006493	3.518203330239717	3.9845319937140626	4.443965736990996	3.5119133871571067	4.429532073834075	0.026835340638729614	0.020971353988762792	0.030485737051099117	0.022357871940633742	0.020135224581781134	0.0365074163449279	0.02576000007333886	0.09819069882875436
0.00390625	1e-15	3.503693431172066	0.3440938235329059	3.2612867891340787	3.9946940161874376	4.185873166902729	3.7644670982362447	3.996822446370628	4.238698860158347	3.8057440607948787	4.386318327667751	0.35858132438235024	0.27038249119097396	0.2778610179395764	0.28007102393584593	0.2690669074007056	0.33704464977864057	0.33966238316954395	0.380864773004025
0.0078125	1e-15	3.6858279173105264	0.32402365349461576	3.6006791536310394	3.792284440035762	3.7879664930697405	3.704432650634339	3.662802590145926	3.710900192610779	3.602750863681311	3.624806954675312	0.32916688608976835	0.32916688608976835	0.32916688608976835	0.32916688608976835	0.32916688608976835	0.32916688608976835	0.32916688608976835	0.32916688608976835
0.015625	1e-15	3.9345425693914318	1.4739854278070315	3.9946948439756587	4.006061827836101	3.9225098155364444	4.037996957785134	4.107517770192035	3.564470560978524	3.9077345921041085	3.9353541867234534	1.4973820218992067	1.4973820218992067	1.4973820218992067	1.4973820218992067	1.4973820218992067	1.4973820218992067	1.4973820218992067	1.4973820218992067
0.03125	1e-15	3.417640502370006	0.26164307493888717	3.416131694709291	3.324534167330306	3.394107050825736	3.467579357321226	3.4248085554264467	3.3410660327592323	3.5417731454211294	3.431124015166674	0.2657961396204568	0.2657961396204568	0.2657961396204568	0.2657961396204568	0.2657961396204568	0.2657961396204568	0.2657961396204568	0.2657961396204568
0.0625	1e-15	4.368863286459476	1.7487326688013871	4.011742145918594	4.2182289254138965	4.860412382729755	3.5690136439420597	5.359781921450587	7.400915744725494	3.9428415735717293	7.866748791544162	1.6068671603040268	1.0607517517586078	1.0368481162886978	1.000041354841195	1.0973899293892013	1.167818258630067	1.2603024308658763	1.9844878389764702
0.125	1e-15	3.9239837048200097	4.012055289466944	4.849032454924251	6.314092326647762	7.874903042847408	5.443588769273486	7.580284072744926	8.239851973272195	5.171786808117264	11.090229241276049	4.180976236136049	3.1525980118566626	3.2397959234352207	3.2655640879318995	3.1372586057310587	3.929863535610987	3.960385708283417	4.440796150926251
0.25	1e-15	11.984542714616433	8.565164369605041	6.592066902033692	8.595251640179274	3.7389483911317347	11.416843068199421	6.663654732101134	4.582480636989235	1.771839642344256	11.759338823668548	6.689459458783298	7.367286362464972	8.307092276416924	8.554472542673	6.6691938473574	7.266581780884224	9.207434126723948	8.93937165864893
0.5	1e-15	7.138847934941137	4.170822011483633	7.311339052802322	7.216206400582041	7.277638169121754	7.085391815148786	7.302805692644169	7.369417268418917	6.523505886358938	7.024479194452165	4.2370255354754365	4.2370255354754365	4.2370255354754365	4.2370255354754365	4.2370255354754365	4.2370255354754365	4.2370255354754365	4.2370255354754365
