h	mu	var	mu_cv1	mu_cv2	mu_cv3	mu_cv4	mu_cv5	mu_cv6	mu_cv7	mu_cv8	var_cv1	var_cv2	var_cv3	var_cv4	var_cv5	var_cv6	var_cv7	var_cv8
1.7763568394002505e-15	11.351534884504007	3.087586963226312e-25	11.351534884503893	11.351534884503673	11.35153488450341	11.35153488450318	11.351534884502948	11.35153488450266	11.351534884502408	11.351534884502156	4.7215157351886715e-26	5.624794870144572e-26	4.969198660823995e-26	1.4858325811023264e-26	4.140494939858466e-26	8.215669404626164e-27	1.9615256467296878e-26	6.817644160175255e-26
3.552713678800501e-15	11.35153488450434	8.282412721941443e-25	11.351534884503645	11.351534884502893	11.351534884503309	11.351534884502241	11.351534884501485	11.351534884501445	11.351534884500685	11.351534884500335	1.257339230597547e-25	1.54687044794273e-25	7.340983801174288e-26	3.465817563772357e-26	7.071813272778727e-26	2.2322527902437798e-26	5.651472623758249e-26	2.0705367568121543e-25
7.105427357601002e-15	11.351534884505005	3.276534683649872e-24	11.351534884503566	11.351534884502586	11.35153488450109	11.351534884500323	11.351534884498731	11.351534884498456	11.3515348844972	11.35153488449662	5.04110317516588e-25	6.194680246185488e-25	2.94342168016554e-25	1.3854233149783137e-25	2.8435503403066178e-25	8.90924100635843e-26	2.2694897744817688e-25	8.290640765093755e-25
1.4210854715202004e-14	11.351534884503497	3.9275045103885975e-24	11.351534884503842	11.351534884500476	11.351534884499396	11.3515348844969	11.351534884495027	11.351534884493072	11.351534884491288	11.351534884488343	7.759400848087319e-25	9.17779771246437e-25	4.341108106787403e-25	2.0827228033455e-25	4.345892936952438e-25	1.360054709821497e-25	3.642863989045735e-25	1.2521184554758823e-24
2.842170943040401e-14	11.351534884500698	6.925164972838418e-24	11.351534884502687	11.351534884498408	11.351534884495416	11.351534884488295	11.351534884486105	11.351534884482206	11.351534884478149	11.35153488447614	1.441829665300625e-24	1.736074810885993e-24	8.163646285964263e-25	3.8196248847628843e-25	8.388035394075e-25	2.457364968081394e-25	6.795022145777887e-25	2.327675717188719e-24
5.684341886080802e-14	11.351534884494201	2.858579188300464e-23	11.351534884499591	11.351534884489235	11.3515348844822	11.351534884476271	11.351534884468348	11.351534884457557	11.35153488445281	11.35153488444371	6.2345935139788945e-24	7.393926258241588e-24	3.526891703289735e-24	1.6534205493994137e-24	3.576412115289243e-24	1.0652710490527275e-24	2.9406565617137813e-24	1.0054647418549577e-23
1.1368683772161603e-13	11.351534884499346	8.096019388606135e-23	11.351534884495132	11.351534884479287	11.351534884464488	11.35153488444725	11.351534884435411	11.351534884414718	11.351534884401262	11.351534884380863	1.848938695220107e-23	2.1949317508132594e-23	1.0502747023835933e-23	4.882668394182627e-24	1.0701877547197257e-23	3.130429889161193e-24	8.736586334016326e-24	2.9806987374794364e-23
2.2737367544323206e-13	11.351534884506385	2.000324075765619e-22	11.351534884485853	11.351534884455948	11.35153488441947	11.351534884391452	11.351534884358536	11.351534884323645	11.351534884288817	11.351534884263513	4.6013787764819053e-23	5.474587019559746e-23	2.6233986661594138e-23	1.2047218179326477e-23	2.6940967782059105e-23	7.671765705241737e-24	2.175739400751223e-23	7.509693614802589e-23
4.547473508864641e-13	11.351534884472308	4.370071815379706e-22	11.35153488446853	11.351534884402797	11.35153488434511	11.351534884274912	11.351534884206458	11.35153488414618	11.351534884084373	11.351534884022607	1.0607215699118758e-22	1.2606647881547186e-22	6.054284598466317e-23	2.787857895613052e-23	6.203954155365414e-23	1.7773880220469723e-23	5.0227616236659e-23	1.709103602509955e-22
9.094947017729282e-13	11.351534884508494	8.663613801182884e-23	11.351534884439447	11.351534884311258	11.351534884177202	11.351534884049814	11.351534883915484	11.351534883790578	11.351534883659388	11.351534883529297	3.7708517348634027e-22	5.0230935862898494e-23	5.264688101520823e-23	7.819811526635182e-24	1.2963795997388534e-23	5.592753564759196e-24	1.0374623344667547e-23	4.856486892182535e-23
1.8189894035458565e-12	11.351534884499848	3.8389130551544035e-21	11.351534884383735	11.351534884112201	11.351534883862039	11.351534883593313	11.351534883335912	11.351534883078557	11.351534882817857	11.351534882558994	9.281579844235519e-22	1.118584852309598e-21	5.426065569886321e-22	2.4314821327924116e-22	5.554375137163419e-22	1.5238299771279464e-22	4.342726986960938e-22	1.498393420879441e-21
3.637978807091713e-12	11.351534884505005	6.4809270778833675e-22	11.351534884263053	11.35153488372517	11.351534883219582	11.351534882679656	11.35153488217171	11.351534881641697	11.351534881130272	11.351534880605083	1.7775949594136722e-22	2.124579529951249e-22	1.0389254993150986e-22	4.634969487920893e-23	1.0660876072187782e-22	2.898485561896831e-23	8.370121656455162e-23	2.865061908632884e-22
7.275957614183426e-12	11.351534884497505	2.5825193519965456e-21	11.351534883991969	11.351534882943236	11.35153488193049	11.351534880867641	11.35153487982307	11.351534878792053	11.3515348777643	11.35153487672805	6.959211203410557e-22	8.295072506135925e-22	4.0061135826852674e-22	1.8092601715909033e-22	4.1555526776775056e-22	1.1406763701881473e-22	3.306317242369909e-22	1.1287318132776832e-21
1.4551915228366852e-11	11.351534884511846	1.0601247625539842e-20	11.35153488350877	11.351534881410114	11.351534879346275	11.351534877232782	11.351534875156899	11.351534873065017	11.351534871008173	11.351534868910656	2.7989996531207776e-21	3.3569035827907466e-21	1.6121426452591368e-21	7.272515270517092e-22	1.6816391471183232e-21	4.5812386136785835e-22	1.329213007957485e-21	4.5391121455535834e-21
2.9103830456733704e-11	11.351534884494528	2.0515002756028834e-20	11.351534882507835	11.351534878285278	11.351534874193701	11.351534869962107	11.351534865822886	11.351534861640532	11.351534857477438	11.35153485331707	5.323218848555079e-21	5.754331155403461e-21	4.787188612691122e-21	1.3407316901953067e-21	5.2686793161144465e-21	7.520048060148697e-22	2.426409057625442e-21	7.546556687036026e-21
5.820766091346741e-11	11.351534884499825	3.677208954580627e-20	11.351534880472125	11.35153487206943	11.3515348638828	11.351534855388492	11.3515348470988	11.35153483876292	11.35153483046996	11.351534822154449	1.179432178370751e-20	1.4079161734746457e-20	6.843417819658978e-21	3.0490122255340822e-21	7.158835747062778e-21	1.9066653336969976e-21	5.625404061320976e-21	1.9030635462572153e-20
1.1641532182693481e-10	11.351534884516282	8.507188165214264e-21	11.351534876519985	11.35153485967177	11.351534843205568	11.351534826281823	11.351534809814577	11.351534793018104	11.351534776453152	11.351534759689478	6.278428073163891e-20	7.29796387355195e-21	7.4043713013004e-21	1.0780822677825455e-21	1.8105283310621415e-21	7.686286054916537e-22	1.4319216420800675e-21	6.679868738411709e-21
2.3283064365386963e-10	11.351534884305163	6.57784888716679e-20	11.351534868428091	11.35153483490674	11.351534801833372	11.35153476801183	11.351534735161662	11.351534701557776	11.351534668542058	11.351534635084601	2.3540743930721414e-20	2.8184975717942737e-20	1.3768832296720586e-20	6.072056695322762e-21	1.444532821228431e-20	3.77286856414825e-21	1.1220983015397841e-20	3.781847395702343e-20
4.656612873077393e-10	11.351534884522273	3.7208488235770595e-19	11.351534852377096	11.351534785226749	11.351534719312044	11.351534651672454	11.351534585875253	11.351534518576969	11.351534452271936	11.35153438560736	1.219772180024294e-19	1.4581327714985718e-19	7.132244123954008e-20	3.156632350771696e-20	7.425583299635362e-20	1.9653722014117918e-20	5.792954572822499e-20	1.9615868594170698e-19
9.313225746154785e-10	11.351534884528897	1.076463054417538e-18	11.351534820328915	11.351534685931723	11.35153455414132	11.351534418790889	11.351534287052315	11.351534152564302	11.351534020195452	11.351533886643644	3.428609951412551e-19	4.1053093470711117e-19	1.9903012943831958e-19	8.859676775170042e-20	2.0881808459963564e-19	5.536883872206551e-20	1.6350446894591825e-19	5.53067320890108e-19
1.862645149230957e-09	11.351534884524716	1.2693921546179952e-20	11.351534756190526	11.351534487281127	11.351534223771935	11.351533953098084	11.351533689526628	11.351533420637693	11.351533155872435	11.35153288882309	4.231021039180036e-21	5.05205162161032e-21	2.458577969152285e-21	1.0926484017711925e-21	2.5759824564035277e-21	6.822431282681907e-22	2.019486355182348e-21	6.820322714344406e-21
3.725290298461914e-09	11.351534884416273	5.0946769890442255e-20	11.351534627938973	11.351534090054926	11.351533563032937	11.351533021634676	11.35153249453837	11.351531956797553	11.35153142738203	11.351530893205192	1.6908732641461244e-20	2.0189271014064245e-20	9.823824771637561e-21	4.367118419703075e-21	1.0291162811142733e-20	2.7272491051952117e-21	8.06997998480461e-21	2.7259391354547244e-20
7.450580596923828e-09	11.351534884333617	2.0207367646948308e-19	11.35153437133468	11.35153329554935	11.351532241611713	11.351531158838341	11.35153010480041	11.351529029238653	11.351527970487757	11.351526902062819	6.718324638298851e-20	8.021874642674149e-20	3.9035425206917827e-20	1.7351020387507542e-20	4.0895300036646777e-20	1.0834918977473003e-20	3.2065388449932477e-20	1.0830477162495681e-19
1.4901161193847656e-08	11.35050693794757	2.7961524633897263e-06	11.351294632041531	11.351652971654284	11.353190495544192	11.350855658140649	11.346400639703997	11.35028475386458	11.342289575784909	11.336672719411744	4.335646300618282e-06	1.997473601944778e-06	4.249888380145392e-06	3.4655456797076773e-06	2.377933889039498e-06	4.801746867566048e-06	2.8916330309899716e-06	4.566138825928731e-06
2.9802322387695312e-08	11.355463639342826	0.00029962444398329394	11.353257497807318	11.34594482163618	11.345410591139256	11.35134405428327	11.358321384959467	11.355827020019364	11.370106876086188	11.406995498720226	0.0004692988498783774	0.00019004663597427845	0.00017826081076232147	0.0001900465572211911	0.00019004666863270284	0.00017826072420753272	0.00019004664170156464	0.00046929878033830297
5.960464477539063e-08	11.345934731273593	0.00022403976597524532	11.34513529569131	11.346868130759981	11.346869288468179	11.341194496252353	11.346782811688522	11.347258145269922	11.346684192111889	11.346685519117258	0.00022759595434649759	0.0002275959544038587	0.0002275959542890912	0.00022759589455839224	0.0002275959542890912	0.00022759589455839167	0.00022759595434650198	0.0002275959544038587
1.1920928955078125e-07	11.357163635073567	0.0004958090969299281	11.358442413453004	11.354026865989166	11.360090458364471	11.3595179355437	11.353160260124161	11.353607768132116	11.359507113763746	11.358956285932436	0.0005036790896946707	0.0005036790900591103	0.0005036790893297334	0.0005036788224448552	0.0005036790893297334	0.000503678822444849	0.0005036790896946645	0.0005036790900591103
2.384185791015625e-07	11.305149087939814	0.004571798826551581	11.325926493735178	11.31071431397457	11.292113823795248	11.279763640349964	11.316446861011931	11.316292875969891	11.27558550688715	11.2894716102004	0.004132728737236948	0.004389099013364301	0.0036742420178758938	0.003432427812341221	0.00369395996037915	0.0033215450986774715	0.0039374834987467005	0.0043495387012123425
4.76837158203125e-07	11.326365410273992	0.01048299437545303	11.252187081031325	11.335100214881024	11.308331145850717	11.282894442485702	11.24761975150706	11.281735287758485	11.31004574579826	11.2767617990928	0.00284337837720072	0.003295590586005005	0.0015095382522752033	0.0010567699780465905	0.001384826357414637	0.0008340536678252933	0.001468822295095424	0.004027185917688702
9.5367431640625e-07	11.285668845841395	0.006009718667659338	11.295905845448917	11.27491724901265	11.280333198032112	11.339473021204915	11.310276856102544	11.321415710176897	11.306409894372548	11.358511210574834	0.0035070717918561185	0.003999288080655118	0.002333998739702454	0.0020128284081986944	0.0022997796394891054	0.0017664234079026442	0.0025999506452057054	0.004095183910137081
1.9073486328125e-06	11.250258024836297	0.0023256471525808222	11.255006035302618	11.259430737365637	11.279043999405113	11.287617684972492	11.288720359278669	11.2860080303527	11.329222454987876	11.324948210026474	0.0026487163955433045	0.0021276574606517358	0.001880972551419599	0.0017779052085669016	0.001777905583785605	0.001880972177149589	0.002127657532541747	0.0026487165547503222
3.814697265625e-06	11.31954815874928	0.003440251320922268	11.323314305594957	11.304832548252142	11.316882763970375	11.322435712856068	11.329186570683708	11.312882152398165	11.320013942916425	11.326837483343061	0.0034948586391110514	0.003494858653960158	0.00349485862422518	0.0034948526055636163	0.00349485862422531	0.0034948526055629484	0.0034948586391103835	0.0034948586539600276
7.62939453125e-06	11.24412401496725	0.02232383075997382	11.210395035404614	11.307200427799764	11.357795451749897	11.407041206806701	11.451666836448727	11.431341544621649	11.481109998480633	11.623965807697086	0.0254249645757583	0.020423332344403498	0.018055409826739876	0.017066070469848316	0.017066072412797544	0.01805540788827697	0.02042333271766476	0.025424965397886627
1.52587890625e-05	11.44286389633637	0.10469818134094676	11.4684570495719	11.340813421754987	11.235994377240418	11.083333565721011	11.128323737787166	11.063951963005804	10.902077800068806	10.782589400992302	0.11924241763499269	0.09578489335831741	0.08467939873478127	0.08003942524975316	0.08003943206916744	0.08467939193055671	0.09578489466970994	0.11924242051754334
3.0517578125e-05	11.091453230422356	0.5154460893969641	11.281404773229102	11.371803188975779	11.073485286612453	11.35727137018414	10.756270884627645	11.084683527568362	11.440933896284033	11.352463732135103	0.14409777184332606	0.17162841197943568	0.08298688602739497	0.037552376534590655	0.08594796068308397	0.023696352254452553	0.0685101244674755	0.23189685369418253
6.103515625e-05	11.181476553225668	0.0877327552393016	11.151218209976488	11.209190091395497	11.214064929591906	11.185849942794187	11.134072811796036	11.123398564306445	11.206334237391625	11.227713050687258	0.08912536966227588	0.08912538101377555	0.08912535822317665	0.08912388719539023	0.08912535822317665	0.08912388719198647	0.08912536965886705	0.08912538101376771
0.0001220703125	10.71174420913625	0.005516420886852345	10.91036214356134	10.832459468869898	11.232702080538658	11.085356601919095	11.262316432853654	11.373690727951546	11.383771245339736	11.57134110248016	0.003774392686130208	0.012000191975504837	0.025441584332652704	0.01414933565073894	0.002604532665939397	0.002523555953143033	0.0024645306538585874	0.0028899016146893644
0.000244140625	11.397425653353489	0.08019855396880775	11.439025992022112	11.359277766302487	11.405947746763708	11.394092165921894	11.454110913128872	11.384765846239263	11.338264871440815	11.403987205787873	0.08147162880154216	0.08147191191772206	0.08147133897398717	0.08145939173971833	0.08147133897399401	0.08145939119387571	0.08147162825222092	0.0814719119141143
0.00048828125	10.700405173571768	0.18784254387167376	11.110449153837274	11.528000133223859	10.75816381106253	11.36335586909518	10.72653029189066	11.148384329917555	11.133031185980567	11.515389097863732	0.14360147261401252	0.2139370364869851	0.1718509201894096	0.15192590435317593	0.21393684697834012	0.14360119738634908	0.15192618550804934	0.17185100804264852
0.0009765625	10.908229328863847	0.03992931982512494	11.121188426125068	11.253353763958696	11.000179356302162	11.136600145966415	11.003882209544122	11.179305129203895	10.98767555890304	11.216142317582241	0.0168774496364245	0.020382966116803323	0.019031288951961968	0.02018118873835485	0.020361149766988176	0.016724308117138622	0.013738917436726663	0.016884985108168642
0.001953125	11.046906506693778	0.08199244606110201	11.116415312381694	11.198646315315909	11.13916145763132	11.210670407102906	11.37714013241872	11.40076161673956	11.424344657188358	11.462456438980256	0.0933824966751598	0.07501217315382669	0.0663151111847746	0.0626813618133823	0.0626814092128354	0.0663150639402645	0.07501218215290033	0.09338251697399387
0.00390625	11.046114159946358	0.15564112062281363	11.078210724957852	11.041140577515044	11.144302963664588	11.177981895006448	11.03514893621911	10.994849665731612	11.273231465259922	11.014624825378748	0.11519075787457458	0.12807795331998087	0.08779449188657625	0.07933654882780002	0.08821637315643191	0.07296588054798182	0.09824359262977447	0.12737148838828516
0.0078125	11.116010219768018	0.0951925241337026	11.112237904566017	11.108866994526322	11.162743157566366	11.137240742963998	11.089092911587215	11.04490317380857	11.099298598018876	11.173699054033852	0.09670351781640757	0.09670351787663614	0.09670351775610075	0.09670347138544749	0.09670351775610075	0.09670347138544656	0.09670351781640663	0.09670351787663614
0.015625	11.094690432609166	0.06328384451703878	11.112271039789844	11.078251095231536	11.030508454209139	11.157976278965974	11.148847517715398	11.128287080284052	11.031058198459714	11.171701555773165	0.06002308537348042	0.06255675575746482	0.05580341176980789	0.05274823491394022	0.05595846366462729	0.05176861037299939	0.05852204175710749	0.06219541479976375
0.03125	11.051708606218934	0.3655941354495889	11.209004986559403	11.073150369963857	11.065932031766458	11.347335717881021	10.606354082375026	11.058182546817491	10.977018377640524	10.9611736085835	0.23242237033046162	0.26320281872933693	0.16164640619404724	0.1419506247461004	0.16063650417865422	0.12651617224811093	0.1811842804047879	0.266052537155389
0.0625	10.926617980279323	1.329656894816859	11.190089018344528	10.828336281317641	10.294583673740593	9.919460180394097	9.92750667181141	10.007295493281621	9.294442606334508	9.615004181354484	1.5143673056418188	1.2164589903121883	1.0754202704200626	1.016493041951561	1.016493137774403	1.0754201748132335	1.2164590087330378	1.5143673461597777
0.125	7.524396770322172	6.835400708943246	7.952221100942008	7.495592620936887	7.156934850781411	7.308160913463543	7.380050433438748	8.166492910153465	7.468381130854462	7.267334605472378	6.943899207961388	6.94389921130682	6.9438992046119665	6.943896398371758	6.943899204611966	6.943896398371785	6.9438992079613415	6.94389921130682
0.25	6.423012667764694	4.563162484405749	6.710636419751227	6.387615313087425	6.364706460748085	6.673683959939847	6.067437866638146	6.389700506200451	6.731381685222962	5.963528756016423	4.628241256164661	4.636067317413576	4.6186889708979635	4.582631658920565	4.618693480059252	4.582042850287211	4.627596348220876	4.6360016826548245
0.5	2.3192522455753637	8.237729399706708	10.783320869192659	4.725370243063745	9.610988479019289	3.3516909725562916	9.136115044443503	3.4120179494264278	6.241956997914722	6.3633152502808485	4.5736685636652	4.8353236563421715	4.305483241574899	3.7709859834848554	3.397826895735163	2.9504973284274576	3.7929937709310204	4.690649034602309
