h	mu	var	mu_cv1	mu_cv2	mu_cv3	mu_cv4	mu_cv5	mu_cv6	mu_cv7	mu_cv8	var_cv1	var_cv2	var_cv3	var_cv4	var_cv5	var_cv6	var_cv7	var_cv8
1.7763568394002505e-15	2.767098181281642	5.144108216828945e-26	2.76709818128164	2.7670981812815687	2.7670981812813977	2.7670981812813147	2.7670981812813333	2.767098181281129	2.7670981812809967	2.76709818128086	8.976015740626501e-27	1.0555434721793023e-26	4.9024231227118564e-27	2.4846042310229807e-27	4.775271467220967e-27	1.674245381038161e-27	4.177787555396552e-27	1.4462792462487354e-26
3.552713678800501e-15	2.76709818128181	8.986161482307712e-26	2.7670981812816837	2.767098181281431	2.7670981812810513	2.767098181280965	2.7670981812805686	2.7670981812804305	2.7670981812801347	2.76709818128009	2.2174829701220663e-26	1.5001485805245295e-26	1.1355469297125962e-26	3.4422350175014896e-27	7.055407343477202e-27	2.186637231618674e-27	5.7186392012987184e-27	2.0054154017548076e-26
7.105427357601002e-15	2.767098181281293	3.424892835630551e-25	2.7670981812814137	2.767098181281066	2.7670981812804096	2.7670981812800464	2.7670981812796196	2.767098181278948	2.7670981812785835	2.7670981812781146	6.502002245642455e-26	7.679864584766711e-26	3.616679431631904e-26	1.757019312932924e-26	3.59672673923167e-26	1.155701371561413e-26	3.045543338034092e-26	1.0492517405035907e-25
1.4210854715202004e-14	2.7670981812812268	7.685578425323501e-25	2.7670981812811735	2.767098181280327	2.767098181279057	2.767098181278434	2.767098181277399	2.767098181276518	2.7670981812750575	2.76709818127469	1.5237329244698134e-25	1.8024671990840943e-25	8.52867885988054e-26	4.087753527491943e-26	8.542621039890414e-26	2.6678498295571243e-26	7.154926799195628e-26	2.458787783296545e-25
2.842170943040401e-14	2.767098181281911	1.866505087409274e-24	2.7670981812814786	2.7670981812788766	2.767098181276776	2.767098181275371	2.7670981812731883	2.76709818127087	2.7670981812685973	2.7670981812667237	3.6307683470533515e-25	4.403878339398877e-25	2.1216051332056584e-25	9.6599296959956e-26	2.1256218877731473e-25	6.105403790385018e-26	1.6729179219749552e-25	5.893499860282024e-25
5.684341886080802e-14	2.767098181280693	7.135596801156707e-24	2.767098181280157	2.767098181275964	2.767098181271771	2.7670981812682434	2.7670981812637088	2.767098181260367	2.767098181256867	2.7670981812523494	1.4179679201690896e-24	1.683014403840242e-24	7.985266541150621e-25	3.747077255529209e-25	8.099175717698715e-25	2.4171478762885118e-25	6.6643957324701565e-25	2.332270721416783e-24
1.1368683772161603e-13	2.767098181280314	7.593499958411296e-24	2.7670981812774063	2.7670981812694073	2.7670981812630377	2.767098181254373	2.767098181246513	2.7670981812392297	2.767098181231149	2.767098181223942	1.9288883292071732e-24	2.3037123437578663e-24	1.1300026710383705e-24	5.086552373979055e-25	1.1406141197145923e-24	3.1948334077743606e-25	9.018985588311412e-25	3.0785164339085802e-24
2.2737367544323206e-13	2.7670981812761255	3.3997495070352e-23	2.7670981812726736	2.7670981812571216	2.767098181243158	2.7670981812274844	2.767098181211889	2.7670981811958666	2.767098181181351	2.767098181165711	8.2204047858761e-24	9.769267619862772e-24	4.6906399402145585e-24	2.1611364023926004e-24	4.804998235094844e-24	1.3782762202304405e-24	3.892061541340437e-24	1.3245695491439408e-23
4.547473508864641e-13	2.767098181278411	2.525596813887914e-23	2.7670981812607547	2.7670981812333157	2.767098181202882	2.7670981811751973	2.7670981811410504	2.7670981811112068	2.7670981810787763	2.7670981810499855	7.122281091911217e-24	8.483997966691162e-24	4.1037206338117836e-24	1.8552792823976175e-24	4.2525622478167774e-24	1.1700897754101551e-24	3.386965254225364e-24	1.1461070930740426e-23
9.094947017729282e-13	2.7670981812788775	1.3768895116316162e-23	2.767098181249353	2.7670981811879045	2.7670981811269626	2.7670981810645903	2.767098181001687	2.7670981809401725	2.7670981808747546	2.767098180815402	4.0322824797067826e-24	6.3744971300157665e-24	2.080115690166362e-24	9.931127810387297e-25	2.3459959210619222e-24	5.955490079480179e-25	1.9906456837739447e-24	1.3145231425000859e-23
1.8189894035458565e-12	2.7670981812857343	3.6828415025745866e-23	2.7670981812149797	2.7670981810961175	2.767098180970524	2.7670981808470376	2.7670981807224653	2.7670981805979658	2.7670981804748123	2.7670981803473627	9.914526107831825e-24	1.1817562296402204e-23	5.707064560906643e-24	2.577680808062482e-24	5.9196314889618815e-24	1.625226022131363e-24	4.7102655726838465e-24	1.608115738875481e-23
3.637978807091713e-12	2.7670981812786843	1.472092532818599e-22	2.767098181157522	2.7670981809111064	2.767098180659566	2.767098180411923	2.767098180163182	2.767098179914862	2.7670981796664664	2.767098179417261	3.9632967820635905e-23	4.724032288865005e-23	2.2813878500513682e-23	1.0304158744438273e-23	2.366370912200641e-23	6.496738681830686e-24	1.8829157013160644e-23	6.428369395852036e-23
7.275957614183426e-12	2.7670981812818463	3.131049143423818e-22	2.767098181031786	2.7670981805356885	2.767098180033909	2.7670981795468097	2.767098179037766	2.7670981785503064	2.767098178055344	2.7670981775544305	9.114821206541315e-23	1.221974541471805e-22	5.564685894720305e-23	5.1320077643239293e-23	5.327533183217573e-23	4.7084730071284955e-23	6.317886780540692e-23	1.5986775691965246e-22
1.4551915228366852e-11	2.7670981812828455	2.4244920381456145e-21	2.7670981807819763	2.7670981797946936	2.7670981787934386	2.7670981778043204	2.7670981768093714	2.7670981758162148	2.767098174816804	2.767098173822653	6.469983869210565e-22	7.781132051279976e-22	3.7829730045352994e-22	1.68652728771886e-22	3.901702011950714e-22	1.0540673798702324e-22	3.04418530110714e-22	1.042794582072761e-21
2.9103830456733704e-11	2.767098181273683	3.571403053533049e-21	2.767098180284272	2.767098178301796	2.767098176311365	2.767098174331397	2.76709817233453	2.7670981703535653	2.7670981683609326	2.7670981663662	1.0149369264380942e-21	1.219213162692409e-21	5.934803703073507e-22	2.6384437408288767e-22	6.1471972178943085e-22	1.6465286432101149e-22	4.790687833135936e-22	1.634399851617117e-21
5.820766091346741e-11	2.7670981812838704	2.76969243728644e-21	2.767098179288495	2.767098175324262	2.767098171339611	2.7670981673801176	2.7670981633905196	2.7670981594252777	2.767098155430985	2.7670981514620636	7.764973642235257e-22	9.307307209260998e-22	4.484755327133071e-22	2.0136170568892157e-22	4.687537200069849e-22	1.2648998673179613e-22	3.6929192947184634e-22	1.256866840680105e-21
1.1641532182693481e-10	2.767098181283471	3.506547541062011e-21	2.7670981773007517	2.7670981693785426	2.7670981613837617	2.7670981534760375	2.767098145493898	2.7670981375666805	2.7670981296002877	2.7670981216590538	1.1281923080889798e-21	1.350761833761534e-21	6.551500882699132e-22	2.9145675404366674e-22	6.875568174404493e-22	1.8208045607050707e-22	5.381200993605917e-22	1.8194398444511536e-21
2.3283064365386963e-10	2.7641657139812117	2.742814194804916e-05	2.7628413421006868	2.7688536242081976	2.767466168426936	2.7724509497975993	2.7589097053620537	2.7614853717785137	2.7559490828286495	2.745579409451652	4.313842155142553e-05	1.7367989272012712e-05	1.8183586676118993e-05	2.104683238835341e-05	2.4375617436418917e-05	3.412651101505781e-05	2.2784743870991443e-05	4.397678425646569e-05
4.656612873077393e-10	2.759085310673258	4.166712384218737e-05	2.7775230204051518	2.7607977904672203	2.7579595585848597	2.753303805513863	2.7545095348468234	2.7469257198237167	2.748779555683495	2.7516176869772235	4.140906616920191e-05	3.4544197449397415e-05	3.2393373695348435e-05	4.094948347538358e-05	3.2000965965639066e-05	2.4734024620935886e-05	2.4845599620592003e-05	7.127058308207114e-05
9.313225746154785e-10	2.758160021024423	6.538192425625015e-05	2.7617058110742727	2.7641520497087	2.7546231019269056	2.7514894338410767	2.7444839726942214	2.747881741456861	2.751001652377249	2.7483707823723753	2.0224426687035254e-05	2.4135778508313484e-05	1.1717605089516361e-05	5.233763637049514e-06	1.2238341574029548e-05	3.277825137327311e-06	9.639236155889095e-06	3.266448491717247e-05
1.862645149230957e-09	2.7525135813899784	5.270637548990357e-05	2.7498831214315373	2.752715495569491	2.7553511317828994	2.750971158886503	2.7506781013310935	2.751574684578622	2.752105419982761	2.751599179460861	4.8697326703651706e-05	5.1309045020946904e-05	4.416312305390296e-05	4.145075438115697e-05	4.435160714052868e-05	4.036615055895049e-05	4.689876514719627e-05	5.091085162834081e-05
3.725290298461914e-09	2.751780607249795	4.814647286047851e-06	2.7455129947378505	2.7511981052171013	2.7521626486843473	2.753745023831705	2.753334915397913	2.755912610490924	2.7552821889611954	2.754317170728148	4.784828660548702e-06	3.9915912430150794e-06	3.7430629877213704e-06	4.731723787066516e-06	3.697720168283546e-06	2.8580231718079893e-06	2.8709156762504164e-06	8.235334934735787e-06
7.450580596923828e-09	2.753393835710231	2.4297582879635916e-05	2.7495398949713046	2.752140468332641	2.7540303375442146	2.7531610109699933	2.757273310087752	2.756538661522934	2.7548061420622885	2.756380414928685	6.862516065463096e-06	8.183456198628711e-06	3.959800972787538e-06	1.78109053286607e-06	4.117799166308477e-06	1.1201752166538842e-06	3.264185674971767e-06	1.1113336507404097e-05
1.4901161193847656e-08	2.7326429119759363	9.951667217776832e-06	2.7492011547716615	2.755744865102262	2.7536867856273246	2.758794409807635	2.758370062533827	2.7639223280464345	2.7686951189441054	2.7798710106826583	3.077532740916355e-06	4.029748229596476e-06	2.4196992501313497e-06	2.575079315395614e-06	2.6154784803620834e-06	1.8955322305989719e-06	2.3115211033006935e-06	8.605633566542559e-06
2.9802322387695312e-08	2.8689925978230213	0.0004125464383774288	2.7606927108606167	2.7568363200604	2.7591822206152092	2.7750120000124894	2.8083264455043957	2.7573697020940617	2.7473977556200317	2.7689169303032837	3.0663382976549014e-05	7.644881331142636e-05	2.663524404291703e-05	2.7928396063383283e-05	0.00024307956190273896	2.262454820350577e-05	6.926485057398994e-05	0.0010434979659050734
5.960464477539063e-08	2.8654963227320898	0.038300623567964674	2.9354917813548504	2.6988883807535284	2.750466843004055	2.5417401909273325	3.0506379658238734	2.9096045336462737	3.1062792575204816	3.4107247995934533	0.0602384389232908	0.024252638947556887	0.025391542268206658	0.029389874753523216	0.03403808856120584	0.0476543864179552	0.03181658809262052	0.0614091618729227
1.1920928955078125e-07	3.068552561148568	0.06452389332237168	2.436787998455737	2.924323785003716	3.0903866502853075	3.2082321504660967	3.087658421335135	3.3588366092685535	3.3115119058357845	3.0025340220007974	0.06411780626371069	0.05349060781575536	0.050156487176065925	0.0633816254234136	0.0495500480640384	0.03828340510896313	0.038469951779179	0.11034238839975792
2.384185791015625e-07	3.889788670809243	0.11652689914400981	3.0639350282879816	3.3842787702386525	3.2857938809678755	3.1155611342760463	3.2219038505199986	2.766187208491524	2.7007832351670147	2.411858735404968	0.03736185019847023	0.0445716027004622	0.02166163591868441	0.009677874861487929	0.02261577085118963	0.006061051048123689	0.017818020381818983	0.06006106443880669
4.76837158203125e-07	2.873359668938694	0.08400572768874025	2.751225241263426	3.03538771393049	2.734285391640883	2.5821628200193496	2.6081228023050143	2.333206214287595	2.3297832294148733	2.148174344307897	0.019067724810136695	0.022106290231442845	0.009949303500223472	0.006525952964848832	0.009092278317735396	0.005009131797306429	0.009336924080505944	0.028250730822200462
9.5367431640625e-07	2.857341565588898	0.3010299986868949	2.740771721332447	2.858727894901979	2.96645081471536	2.3343667451249597	2.5413994686797174	2.666615701378168	2.6997418089297427	2.6153452619375743	0.14430600896177925	0.16621984256167477	0.08827603080755154	0.07271216212242672	0.08509733553060374	0.061867893485610066	0.09581060022748969	0.1766824568660396
1.9073486328125e-06	2.784851649996167	1.0763047320585428	2.7256745265697733	2.8796389274752707	2.587188561967516	3.199878036859762	3.1772028522493168	3.529015214542478	2.960520889363244	3.648574727582422	0.48752088998553283	0.5625416506175563	0.2921954963465319	0.23728781241821417	0.27988585009253764	0.20028977570025863	0.31414332918482185	0.6053641453352758
3.814697265625e-06	3.8404920727689946	0.4091599698903385	2.098219425357972	1.9721697032538326	3.2431265562007616	2.3520450429523048	3.5697533212644026	3.234375372244001	2.968869302319934	2.1491375860546436	0.4702764493978898	0.4380656395936736	0.35957643692030544	0.5702412475437951	0.47567195293160164	0.3340659659621347	0.31092369044969204	0.4154491987209215
7.62939453125e-06	2.656475941438419	0.45881268302270445	2.6894284040878813	2.5494326400715006	2.5328414499587883	2.7364743870522648	2.66147017270299	2.579497632112326	2.744728205714243	2.7579345858412916	0.4660954311997576	0.46609543158606664	0.46609543081289656	0.46609516045809746	0.46609543081289656	0.4660951604580905	0.46609543119975055	0.46609543158606664
1.52587890625e-05	2.7843096343715152	0.31478278760022743	2.7492877738667776	2.9219122560276727	2.816924249439332	2.695917303094823	2.8426179982263515	2.8415332264675377	2.749056105758286	2.709317073838433	0.31807996699601554	0.3196394232417036	0.31601212844469095	0.3111636107906321	0.3160174911839536	0.3109392004873863	0.3178210744472394	0.3195985809388454
3.0517578125e-05	2.9270969172098926	0.09757130902153388	3.01817999585042	2.850163742180148	3.030409716598044	2.984201065770178	3.497296946533381	3.292279242301709	3.444098532850575	3.2456888870461333	0.03216451119845299	0.038382173786153384	0.0186703239407229	0.008322939130610944	0.019520466660462338	0.005205635415972617	0.015347717976136396	0.05169544105488076
6.103515625e-05	3.008284263124989	0.3312611135401488	3.1733306176297122	2.9841598844639945	2.9129361991015332	2.966591479595072	3.057877416900996	2.9891132167244114	3.0296132151961523	3.0004344417144932	0.3356162373453962	0.33651816364370724	0.3344778104422511	0.33097696284426825	0.33447894864948347	0.3308866077881564	0.33551531055119704	0.33650566867340986
0.0001220703125	2.669047759260617	0.3897953055052021	2.728188940270848	2.5320626846577436	2.646860120874943	2.7380591274745303	2.748931990559557	2.6240356190396423	2.539682263883821	2.6515535248371664	0.39292999532823364	0.39559949471021466	0.3892862506899776	0.3819345029871838	0.38930180574788487	0.3814712164750483	0.3923837601219976	0.3955021443880416
0.000244140625	2.849091899964426	0.5505053054560962	2.7488595557462676	2.952286681408388	2.9114151003258844	2.6965825316568623	2.93483069174085	2.8609709650509387	2.7587194295133743	2.9291327247723764	0.5592436494769496	0.5592437023698119	0.5592435962148159	0.5592360198282152	0.5592435962148159	0.5592360198147787	0.5592436494634956	0.559243702369794
0.00048828125	3.84906606912327	0.776798189998558	3.2448666827424555	3.601888167861986	3.359207831995473	3.2324934952468283	3.0326257525611116	2.437193668074066	2.498519159649384	2.2671817161589973	0.8847077675864373	0.7106669024142478	0.6282707433608077	0.5938448590403429	0.5938449546693773	0.6282706479635755	0.7106669207597993	0.8847078081089474
0.0009765625	3.7465327341062915	1.0514146544153198	2.3141118515320263	3.2259702200599967	1.5659000436786252	2.864482788147034	2.6119562847788425	3.6658627096669347	2.5719378334644905	3.057353928856034	0.9619042185143064	0.8503791780209353	1.1974726388668466	1.197471947262613	0.8503790877962211	0.9619036953135001	0.8037829855664028	0.8037830124516828
0.001953125	2.2631623790831044	0.6691736043853997	4.705359128232798	1.5098582914122927	3.47265907978866	2.9418126862259095	3.156533845562527	2.8186512394647614	2.4934872109317125	2.7794009120515684	0.3026642634065019	0.5781627947049516	0.15593824827210198	0.19924619874078228	0.20925368689258514	0.2537014787556736	0.15111810001308587	0.577177337410898
0.00390625	2.5740565684009296	0.2833899295821219	2.371192352508547	2.649402093401137	2.763794794410924	2.4907620553089727	2.4955684311438144	2.5707008172734565	2.6460102428779573	2.548785212765396	0.2607588012166524	0.2751747474926593	0.2355836739803304	0.22090539317570757	0.23664086351677396	0.21486669873022757	0.25062758215354725	0.2729665106313191
0.0078125	2.903828632297343	0.5234681981761262	2.9866857157550992	2.9779504689090883	2.8073441540158104	2.748161694229793	2.946923790725053	3.0363727424698115	2.9211299586092925	3.0082086880035144	0.5274633694207848	0.5312104839283845	0.5223279324192932	0.5121798683987782	0.5223513684025111	0.5115131614501909	0.5266747187832589	0.5310676698945538
0.015625	0.582454607686551	0.000675119387130385	2.8685738754249352	3.106366877652031	3.4179303718082896	2.4598150771901484	3.2016782071300565	2.851620588725038	3.6072008795881487	5.8709253892599556	4.155700024261383e-05	0.00016689951969690273	3.4885367904586186e-05	0.00013929573824439037	0.002877120416358186	6.11768296512026e-05	0.00011932186104752029	0.0015075123212423822
0.03125	2.5698237684435465	0.521150123440306	3.260534113350111	4.2574205488570644	2.8027524207543615	3.4447246743414492	2.9324892113863914	3.5180751434575583	2.8637302932237128	3.639267706135575	0.3984076935693673	0.593546243363701	0.4767829647693226	0.4215036194949981	0.5935461324250548	0.3984075307884158	0.4215037858197216	0.4767830160394227
0.0625	3.5980051707078915	4.980308510415228	5.361419957538768	2.7350922354112996	5.032382324848288	3.4701059316628875	3.810943417695751	1.109338018499132	3.288793572563064	2.6721037777960515	3.126543724859908	3.5446773291184384	2.1597436784763087	1.8917007578188592	2.1437278522300836	1.6820270228261003	2.4192213645861513	3.5893334080643458
0.125	3.2080968908509973	6.287719049329626	2.251050531541079	4.433305009442145	4.431857367437011	5.244110773737082	5.157224342965155	5.032183099069953	6.631191128493032	7.207055268063197	7.161182851923813	5.752425599662896	5.085477719490036	4.806821022162454	4.806821429276695	5.085477313281918	5.752425677953608	7.161183024006705
0.25	8.208386505191434	8.952459781170724	8.596105618246263	7.923722586451201	7.565237798945123	8.582587412082798	8.15975897894201	8.195941776564004	7.917243134850549	8.72290324705859	9.094549981212717	9.094654436700258	9.094441783205909	9.091524144717416	9.094441783222853	9.091523746443563	9.094549578649348	9.094654432197528
0.5	8.398645994117677	3.832903271987372	8.760229986021486	8.200897947090317	8.250888500762153	8.34352280151608	8.725584348761556	8.253318743782748	8.05085762476343	8.606386728359745	3.8937320846860923	3.8937900802283245	3.8936718141669875	3.892191995696743	3.8936718141810562	3.892191738964711	3.8937318248554234	3.8937900769655904
