h	mu	var	mu_cv1	mu_cv2	mu_cv3	mu_cv4	mu_cv5	mu_cv6	mu_cv7	mu_cv8	var_cv1	var_cv2	var_cv3	var_cv4	var_cv5	var_cv6	var_cv7	var_cv8
1.7763568394002505e-15	2.7670981812817477	5.090777444069843e-29	2.7670981812816917	2.7670981812815714	2.7670981812814506	2.7670981812813418	2.767098181281215	2.767098181281084	2.7670981812809723	2.7670981812808484	4.076574390508659e-29	1.8183978086416942e-29	1.537989596897226e-29	1.3021039637692634e-29	1.302161360993727e-29	9.652852519602362e-30	1.9078927625045354e-29	7.042056775802449e-29
3.552713678800501e-15	2.7670981812817512	3.491833681017443e-29	2.7670981812816278	2.7670981812813915	2.7670981812811566	2.7670981812809146	2.7670981812806605	2.7670981812804203	2.7670981812801783	2.767098181279923	5.90734751163284e-29	1.3964769073533984e-29	1.6023241690511114e-29	8.953211829514615e-30	8.947639205185782e-30	1.0577857457867192e-29	1.305298417969816e-29	8.894840264833523e-29
7.105427357601002e-15	2.7670981812817645	4.699746691775669e-29	2.767098181281514	2.767098181281028	2.76709818128054	2.76709818128007	2.767098181279575	2.767098181279089	2.7670981812786013	2.7670981812781132	2.3293513856167033e-29	2.5410316680606954e-29	1.581647316276271e-29	1.513769306236888e-29	1.5734272455215847e-29	1.2980619875848307e-29	1.627681525100372e-29	3.1389181145098104e-29
1.4210854715202004e-14	2.7670981812817526	2.571323102490372e-29	2.767098181281273	2.767098181280294	2.767098181279332	2.767098181278364	2.767098181277388	2.7670981812764186	2.7670981812754425	2.7670981812744753	1.3312404836191626e-29	1.521421597943319e-29	9.092793723086762e-30	8.454020284906287e-30	8.564395770349074e-30	1.0150152946051878e-29	9.458503072425343e-30	1.7129229434628012e-29
2.842170943040401e-14	2.767098181281745	5.463883531872178e-29	2.7670981812807853	2.767098181278844	2.7670981812768995	2.7670981812749607	2.767098181273016	2.7670981812710815	2.7670981812691324	2.767098181267202	2.694982817434638e-29	2.9443749681615974e-29	1.8310361668112088e-29	1.752846591854479e-29	1.8216983768323555e-29	1.501727299493526e-29	1.882787690675509e-29	3.640643634427334e-29
5.684341886080802e-14	2.7670981812817423	5.376418233129302e-29	2.7670981812798137	2.7670981812759567	2.7670981812720514	2.7670981812681825	2.7670981812642803	2.767098181260408	2.767098181256527	2.767098181252645	2.648194683573377e-29	2.894512278084874e-29	1.7995662628501487e-29	1.722832645529228e-29	1.7904397082961741e-29	1.4756374831865643e-29	1.8499969511890616e-29	3.57997311896553e-29
1.1368683772161603e-13	2.767098181281742	7.81513662026959e-29	2.7670981812778717	2.767098181270124	2.767098181262335	2.7670981812545934	2.7670981812468	2.7670981812390676	2.767098181231278	2.7670981812235285	3.844772317877919e-29	4.2039840812772935e-29	2.613102560675284e-29	2.501823726310154e-29	2.599915188172017e-29	2.1423797030666135e-29	2.6857831202182984e-29	5.200802414981658e-29
2.2737367544323206e-13	2.767098181281718	3.0298628710385337e-28	2.767098181273994	2.767098181258488	2.767098181242916	2.7670981812274382	2.7670981812118582	2.7670981811963697	2.767098181180807	2.7670981811652973	1.4896340855529336e-28	1.629137057336879e-28	1.0125154158378464e-28	9.694273567469325e-29	1.007419051595128e-28	8.300487138635929e-29	1.040564487701065e-28	2.0156856556211692e-28
4.547473508864641e-13	2.767098181281642	6.970524517725572e-28	2.7670981812661717	2.767098181235217	2.767098181204085	2.7670981811731137	2.7670981811419586	2.7670981811109825	2.7670981810798563	2.767098181048815	5.083334146170194e-28	2.4837719902135632e-28	1.8318083504181596e-28	1.6232808508062478e-28	1.6569168654976779e-28	1.3180962567679815e-28	1.6474291942093632e-28	4.457435893285835e-28
9.094947017729282e-13	2.7670981812815865	3.623436277223359e-27	2.7670981812506676	2.767098181188688	2.7670981811263906	2.7670981810644633	2.7670981810021633	2.767098180940207	2.7670981808779618	2.7670981808159367	1.7800662466748828e-27	1.9472510282959716e-27	1.2100489956532603e-27	1.1585988926684428e-27	1.2039782330410262e-27	9.918777932420493e-28	1.2434041744036574e-27	2.4096615632154458e-27
1.8189894035458565e-12	2.767098181281415	1.756140675964249e-26	2.767098181219574	2.7670981810956117	2.7670981809710202	2.7670981808471704	2.7670981807225563	2.767098180598644	2.7670981804741883	2.767098180350105	8.628448954972064e-27	9.438439975415918e-27	5.865322615952193e-27	5.615898653253867e-27	5.835880376492963e-27	4.807895991627596e-27	6.0271380378502434e-27	1.1679456003239195e-26
3.637978807091713e-12	2.7670981812810815	7.090012687279452e-26	2.7670981811574005	2.7670981809094606	2.7670981806603043	2.767098180412584	2.767098180163358	2.7670981799155063	2.7670981796666085	2.767098179418465	3.4839612329123025e-26	3.8108696295264006e-26	2.3682390481652505e-26	2.2675158104083742e-26	2.3563450385064864e-26	1.9413145878408242e-26	2.4336254954423757e-26	4.715587307131136e-26
7.275957614183426e-12	2.7670981812804354	2.6703088291817618e-25	2.76709818103304	2.767098180537159	2.7670981800388152	2.7670981795434075	2.7670981790449556	2.7670981785492916	2.7670981780514965	2.7670981775551917	1.2927012179745928e-25	1.4207353701651862e-25	8.805263903671259e-26	8.437291857420218e-26	8.763932995114369e-26	7.20337597202302e-26	9.025183618603743e-26	1.7635145001577873e-25
1.4551915228366852e-11	2.7670981812791227	1.2146843299428038e-24	2.7670981807843438	2.7670981797925553	2.7670981787958717	2.7670981778050896	2.7670981768081435	2.767098175816779	2.767098174821199	2.7670981738286167	5.8663591850853215e-25	6.4522988674181615e-25	3.9972594468589714e-25	3.83072038885122e-25	3.9787177459118885e-25	3.2690308237196937e-25	4.0954038369141545e-25	8.013157484669573e-25
2.9103830456733704e-11	2.767098181276521	4.526894518198698e-24	2.7670981802868746	2.7670981783033772	2.767098176309959	2.7670981743284253	2.7670981723345256	2.767098170351818	2.7670981683606524	2.7670981663754506	2.170148913409639e-24	2.392610826494648e-24	1.4803476985949876e-24	1.4192816630302147e-24	1.4737451910435205e-24	1.2094765257436883e-24	1.5147297602790256e-24	2.9762746724036687e-24
5.820766091346741e-11	2.767098181271268	1.7871893613926873e-23	2.767098179292058	2.7670981753249775	2.767098171338162	2.7670981673750883	2.767098163387301	2.767098159421825	2.7670981554394736	2.767098151469162	8.566039920027744e-24	9.444704817949753e-24	5.843411602840725e-24	5.6024255719397e-24	5.817375698998589e-24	4.774080975617892e-24	5.978935472076961e-24	1.1749172299358708e-23
1.1641532182693481e-10	2.7670981812610616	7.351468223020144e-23	2.767098177302297	2.767098169368337	2.767098161394441	2.7670981534685466	2.767098145492864	2.767098137561991	2.7670981295971075	2.76709812165653	3.475518918526276e-23	3.84923120006345e-23	2.3760740275067693e-23	2.280075804325097e-23	2.3663363254826374e-23	1.937835888197778e-23	2.4252452017794525e-23	4.80374473330722e-23
2.3283064365386963e-10	2.7680466025548265	1.7826192328465567e-05	2.768228810967396	2.766189242424105	2.768816224009965	2.7659959973295978	2.7610794666906955	2.777200252080053	2.754460330464747	2.7427063413792325	3.0405554381961173e-05	1.0851096463750307e-05	1.0029328609907406e-05	3.103951217922917e-05	1.5617621521289326e-05	7.673009667267402e-05	1.284782306596676e-05	2.479717919648067e-05
4.656612873077393e-10	2.753632356025594	0.00011332762012081606	2.7734935463321824	2.75796163340104	2.760359040945489	2.7548824104815055	2.756476379127129	2.7459466082869537	2.7474653659922077	2.7491863306781203	4.0535004961830504e-05	4.421648774162112e-05	3.064206179867713e-05	3.128185990395299e-05	2.723353989846309e-05	2.3001910484474004e-05	2.7989595093017472e-05	5.99786759314221e-05
9.313225746154785e-10	2.77398591409627	4.256575253525757e-05	2.769897143149922	2.7587003050317525	2.7557332255478935	2.753244737477794	2.7458943485764347	2.746166033953093	2.74793538613745	2.7550330064130004	5.246766393009876e-05	2.4278677356305523e-05	1.9520847541964585e-05	1.9495349827334115e-05	2.0148131413239012e-05	1.6975360771186365e-05	1.9975522540399125e-05	5.020966090323035e-05
1.862645149230957e-09	2.752230017683807	4.838294471512533e-05	2.7498897525106853	2.752608226008249	2.753581735412361	2.7519991224120073	2.7521401570454413	2.752122532765555	2.752280706376673	2.751522216345034	4.7762844256681e-05	4.829190360994958e-05	4.664484479891135e-05	4.609554407825729e-05	4.659885328169442e-05	4.556082787473852e-05	4.691427019428206e-05	4.8035085978651326e-05
3.725290298461914e-09	2.753634214918574	1.309505372472273e-05	2.7468827267947864	2.7521621959864246	2.7513469968104647	2.7532084100760357	2.752666328193413	2.7562454365811835	2.7557289177528923	2.755143664861175	4.683836690235887e-06	5.109233567098944e-06	3.5407029893482787e-06	3.614631858684452e-06	3.146846838333851e-06	2.6578802254467838e-06	3.234209215701266e-06	6.930560866003254e-06
7.450580596923828e-09	2.747370594739873	4.2717923449906e-06	2.747824828744033	2.7518452683658112	2.7523670182884734	2.7543276762856026	2.755904738617041	2.756804838611378	2.756641133475517	2.7557744566094238	6.690865641441509e-06	2.7095243809838736e-06	2.541492030189327e-06	2.7095164723745513e-06	2.709526383589958e-06	2.5414843886587094e-06	2.709523973980805e-06	6.690858109085634e-06
1.4901161193847656e-08	2.747232184034293	4.952109380845412e-06	2.7487479612976746	2.7530251677058657	2.753586227040868	2.761307390321166	2.7589026060664827	2.7664735763610464	2.7657463799944506	2.7760947313770203	5.587509754839864e-06	4.912842717040671e-06	4.038880868120935e-06	3.8527003964369755e-06	5.916728195187242e-06	3.880452266720378e-06	5.775599949439817e-06	1.3332701539805598e-05
2.9802322387695312e-08	2.7240196318470535	0.0008980978634403607	2.7351286828485715	2.7610998200217702	2.789178156496864	2.7655086367673443	2.7664715491243816	2.761881286593276	2.760049531933201	2.746346403188425	0.00016815873127904685	0.00019632059457969664	0.00030758365407911444	0.00019631945495005512	0.0001598219637593097	0.00014353613726193442	0.00013729171241017298	0.00014353698307953769
5.960464477539063e-08	2.8920969614931065	0.0350227263604433	2.9153603106474475	2.760036202108831	2.3882320775048775	2.604484471618618	3.04673006394989	2.8166846699424024	3.1558405077285236	3.3490395977900205	0.05458285774677787	0.0251941839244418	0.055234520032275504	0.04518040718960469	0.030662739255594058	0.06261012194554937	0.03692812580343503	0.05853411138296256
1.1920928955078125e-07	3.4647615421157822	0.1740572519351265	2.693058678016209	3.1111548094644954	3.005057197591148	3.1760776499956034	3.010669279017016	3.369484627848423	3.314604864547576	3.0225966870356658	0.06339283762417207	0.07199842953852992	0.05455638979971212	0.05457961369456539	0.04843212109927915	0.04094154980287867	0.04749471052131706	0.07881213266129097
2.384185791015625e-07	3.079624598600464	0.1823088916991728	3.273614238988707	3.0141280699170307	3.0060952154301357	2.940614220011162	3.0260654672486793	2.978874778392641	2.9884551337712604	2.879521693868865	0.12919656295388326	0.14050317990018227	0.11048043162342262	0.10558173227809368	0.10975003864766354	0.09652707268208834	0.11101374983461076	0.1387642010195326
4.76837158203125e-07	3.140977453871177	0.07749335754871334	2.9957021481505715	2.838784040949828	2.803854652516074	2.5828877228997458	2.516788749650724	2.3444129380148753	2.375047394915224	2.2194798122405563	0.03829401403280551	0.04488839471329181	0.025935142171168137	0.02420081921718357	0.024643845886755122	0.029251147568168063	0.026952000921441833	0.050176491439403226
9.5367431640625e-07	2.7341042399434197	0.3950695763685937	3.288682823646767	3.1160866707970296	2.7933322217664154	2.034348411139046	2.366358533400249	2.605220718715332	2.907101069914426	3.002427634802985	0.07397232356729014	0.08636061246075294	0.13530479708322762	0.08636023089034048	0.07030501315498108	0.06314102430065498	0.06039403175464438	0.06314132014335332
1.9073486328125e-06	2.9875943028050957	0.4361339834196382	2.931350929951004	3.0913309663607507	3.032115198175355	3.0040281442783328	3.0720746691704894	2.91825440425355	2.8597277506669325	3.1007442014040487	0.43697914132752086	0.4396639689805323	0.4313469789414237	0.4281006017740179	0.4311686967203246	0.42564585599948096	0.43320338757428867	0.43849897866715354
3.814697265625e-06	3.8404921159429137	0.4091598370219663	2.0982189328421637	1.97216984232008	3.243126448565443	2.3520445716968736	3.569753332073462	3.2343755572617914	2.968869228889278	2.1491375415572733	0.47027617829677987	0.4380654421128468	0.3595760542182604	0.5702405349812567	0.4756716737579782	0.3340655496114675	0.310923542677594	0.41544882598148
7.62939453125e-06	2.6564759228140953	0.45881260597740325	2.6894286186139316	2.549432531450391	2.532841398470309	2.736475229704771	2.661470215349208	2.579496690385087	2.744728195073692	2.7579346471450923	0.4660953315976143	0.46609535988130024	0.4660953003702916	0.46609484566838427	0.46609530037026486	0.46609484495140174	0.46609533082463106	0.4660953598253059
1.52587890625e-05	2.7881513383821153	0.314066802114219	2.7586762507255838	2.919804947443888	2.8277940738157175	2.6876192930493072	2.851815195707364	2.7900881173603453	2.761746397445474	2.7157215259224627	0.31867367226289345	0.318929242049478	0.3182289620240907	0.31771203676421333	0.31822608176807865	0.31759338900238887	0.31850806418796096	0.3188837876080893
3.0517578125e-05	3.4035114077790767	0.12020518062280786	3.025325377875625	2.870794384535844	3.3487057427598352	3.1071493576521263	3.426163166307634	3.145115268823579	3.2242307215664225	3.140417354139829	0.06502753547917058	0.09745706641012376	0.06042978628629778	0.05468691469811687	0.07080450849622874	0.05075840931022957	0.05863225687751015	0.08374127791642229
6.103515625e-05	3.0121878392358075	0.3314905311393803	3.171476788321063	2.9879934462324087	2.9316998493067055	2.9461207298328	3.0589414434983544	2.9640788487122953	3.0375907882350863	3.0042860889230396	0.3366339946734702	0.3367267929918326	0.33648865212543877	0.33624236962501186	0.33648830548582165	0.3362132195942849	0.33659521156649413	0.33671722745620936
0.0001220703125	2.6577046190976747	0.38999652053584327	2.7168955116637608	2.529885252898673	2.6600294551492003	2.759750151095943	2.7166810742842284	2.686001989461023	2.5375624105028582	2.6402745471712907	0.39583569656144363	0.3960824481664149	0.39541754537910123	0.3948850793952776	0.3954153979821686	0.39478073136775066	0.3956917226963969	0.3960439443361104
0.000244140625	2.849094604566547	0.5505048860469891	2.748862374052002	2.952289762927361	2.911417573855382	2.6965809327871053	2.934833084973377	2.8609500868245212	2.7587216826350014	2.9291354362650974	0.559242794191969	0.5592431625217351	0.559242367222565	0.5592386635185231	0.5592423672190053	0.5592384317514513	0.5592425603271712	0.5592431604265078
0.00048828125	3.8490658845281107	0.7767980395910037	3.244866496744451	3.601888042898236	3.359207739983817	3.2324941847404047	3.0326257229246263	2.4371933101494645	2.4985191527359336	2.2671818396533636	0.884707573612799	0.7106667804006892	0.6282706055548913	0.5938446700385307	0.5938448365680603	0.628270446420715	0.7106667950660583	0.8847076829213809
0.0009765625	3.746532586094904	1.051414747105269	2.314111856409541	3.225970175955144	1.5658997343540297	2.8644825713058455	2.6119563897042886	3.66586432703757	2.5719375684785284	3.057353906355859	0.961903779119619	0.8503790741543414	1.197472069689607	1.1974697252179163	0.850378649367437	0.961901905566499	0.8037826694781579	0.80378279836715
0.001953125	3.251207727160577	1.048005142677999	3.4368767123800916	2.925662819352249	3.3854437204117596	3.0607031161005733	3.3061022511091562	2.405560730365253	2.9153055887550834	2.8919549565569844	0.49470574794655403	0.5791111640258323	0.38960950932014543	0.3718819824438616	0.3878059196826705	0.3176603439885515	0.3812854816707946	0.6098730940988084
0.00390625	2.5704332648741715	0.23958697808163076	2.49899157466641	2.6789344548054665	2.6425922247643654	2.6094252011313404	2.538273848516194	2.5611372801661676	2.517802190249746	2.516306678459738	0.2433898123783803	0.2433899640580258	0.24338985772450128	0.24338922459329865	0.24338985772437885	0.24338922283391218	0.24338991218278122	0.24338982001720122
0.0078125	2.9173029343769814	0.5240429433725203	2.988691597337927	2.983803984666932	2.8335293625407414	2.727533160744284	2.9543965897231264	2.9344002482029286	2.942580708476771	3.0212188299782468	0.5309135874199766	0.5317761976180949	0.5292932324402609	0.5278386000126739	0.5292736069365116	0.527317994161316	0.5301626030243892	0.531556869066097
0.015625	-1.6167947177880648	0.6356709180535822	3.0628224527174397	3.2727911514640944	3.3525419017954228	2.0094296447303472	2.584019076423359	3.1880673681032343	4.211243720264048	4.4056723138358125	0.239642988984985	0.2802035197099925	0.21065323598170696	0.26978755650096214	0.2222285535568291	0.18498977062471814	0.18055782045964172	0.7239622020591846
0.03125	2.5698238614096622	0.5211500928704074	3.2605341453557695	4.257420710641044	2.802752343599198	3.4447245562940547	2.932489180286677	3.5180751995714368	2.863730284415627	3.639267682466469	0.3984073772386316	0.5935458218325452	0.4767828902476808	0.42150337471698984	0.593545999644996	0.3984074520884259	0.42150374075820907	0.4767826389858735
0.0625	3.7868852826771673	5.566360485050715	5.7987926303694834	2.8684510590398276	4.52651627385314	3.1933961113833482	3.6065212000942872	1.7474472366461564	3.4392151119033407	2.06618574061408	3.2156470422391767	3.6278747168034613	2.6158840488195945	2.486930704672955	2.5971367316397753	2.1970169216356727	2.602489184089416	3.6596350143381393
0.125	3.2080962233450525	6.287716171293952	2.2510491320059547	4.43330405627871	4.431856957431724	5.24411448535982	5.157224022413333	5.032180240015215	6.631191539351953	7.207056019871464	7.161179298813445	5.752423172762678	5.085475294280903	4.806815998697237	4.806819310487786	5.085473733791861	5.752423357116542	7.161180511971346
0.25	8.208057262502143	8.9518080421475	8.595430169983302	7.923451481376484	7.56508618894802	8.582983792430749	8.159114114723057	8.199023868681294	7.916933365264359	8.72234154948133	9.093892635625044	9.093897642507452	9.093876478406738	9.093792457555397	9.093881205666174	9.093791915803703	9.093892024914972	9.093895615433455
0.5	8.398879823749947	3.8326668385139038	8.760316920667439	8.201252178584063	8.251474107075898	8.3419788104612	8.725576329596802	8.25254024782908	8.051375169220913	8.606559622237715	3.8934999997962354	3.893503388165357	3.893499386246475	3.8934794313459706	3.8934993862339535	3.893479348640701	3.8934999079160075	3.8935033789941373
