h	mu	var	mu_cv1	mu_cv2	mu_cv3	mu_cv4	mu_cv5	mu_cv6	mu_cv7	mu_cv8	var_cv1	var_cv2	var_cv3	var_cv4	var_cv5	var_cv6	var_cv7	var_cv8
1.7763568394002505e-15	5.4487017686468215	4.1252657469122557e-25	5.448701768646101	5.448701768646857	5.448701768647404	5.448701768647454	5.448701768647795	5.448701768648186	5.448701768648648	5.448701768648965	7.307952242416418e-26	8.603030972010981e-26	4.009037619468393e-26	2.0102490548721262e-26	3.9245768594075043e-26	1.346439827698082e-26	3.4060748319888547e-26	1.178261405464658e-25
3.552713678800501e-15	5.448701768646854	7.64584486574062e-25	5.44870176864631	5.448701768647599	5.448701768647341	5.448701768648589	5.448701768649833	5.448701768649883	5.448701768651315	5.448701768651117	1.3664773801460437e-25	1.6530200397211702e-25	7.613838979764447e-26	3.6848558646890113e-26	7.730975385976083e-26	2.417728601950073e-26	6.396833525388554e-26	2.212565691699879e-25
7.105427357601002e-15	5.448701768648793	1.7785299482559544e-24	5.4487017686474175	5.4487017686484265	5.448701768649181	5.448701768651242	5.448701768651996	5.4487017686535575	5.44870176865554	5.448701768657075	3.3761130328488916e-25	4.0750759930613023e-25	1.8947146895688817e-25	9.029120882496851e-26	1.9338926743752164e-25	5.87129157337631e-26	1.5850085214737312e-25	5.459262171650464e-25
1.4210854715202004e-14	5.4487017686479415	3.871190018630241e-24	5.448701768647819	5.448701768650416	5.448701768653145	5.4487017686560115	5.448701768659505	5.448701768661976	5.448701768666023	5.448701768666375	7.725901868686122e-25	9.170805162790447e-25	4.352703174955797e-25	2.0409504868417798e-25	4.416676109339971e-25	1.3159720651257903e-25	3.631906278253796e-25	1.2704148626215505e-24
2.842170943040401e-14	5.4487017686485535	2.300725339872705e-23	5.448701768648097	5.448701768655698	5.448701768660128	5.448701768666356	5.448701768673358	5.448701768678157	5.448701768684535	5.448701768689028	7.131302736605086e-24	3.432656341543964e-24	3.2416052587533416e-24	7.073651271511072e-25	1.645806524129735e-24	4.46528497536721e-25	1.2340883295076884e-24	4.393145625360605e-24
5.684341886080802e-14	5.448701768643969	1.900721122933314e-23	5.448701768651191	5.448701768663056	5.448701768673787	5.448701768685755	5.448701768696724	5.448701768709341	5.448701768716866	5.448701768735794	4.480271577896267e-24	6.372884033425689e-24	2.5009121297574856e-24	1.2624427491067697e-24	6.2807421464123356e-24	7.269033123123298e-25	4.2649356042388184e-24	7.541048862500892e-24
1.1368683772161603e-13	5.448701768658604	2.826008200722017e-23	5.448701768656117	5.448701768680996	5.448701768703065	5.4487017687279655	5.448701768751899	5.448701768773189	5.448701768797237	5.448701768813926	7.136423077884011e-24	8.56487466135963e-24	4.095208407451634e-24	1.8657376157963857e-24	4.2525835130974e-24	1.1817971002661696e-24	3.384406209247781e-24	1.149273815452741e-23
2.2737367544323206e-13	5.448701768662939	6.1837473726010304e-24	5.448701768671676	5.448701768716715	5.448701768761631	5.44870176880788	5.4487017688520725	5.448701768900591	5.448701768946928	5.448701768988569	1.5056387099813305e-24	1.7979597006291343e-24	8.823256425456695e-25	3.985999615322956e-25	8.851839684036761e-25	2.508261163157538e-25	7.0192043584207175e-25	2.400996268815234e-24
4.547473508864641e-13	5.4487017686442085	2.1129416331177325e-23	5.44870176868857	5.448701768786144	5.448701768873789	5.448701768970564	5.448701769058102	5.448701769153908	5.448701769243095	5.448701769334741	2.900198700068486e-22	3.391032070753094e-23	1.505597832718237e-23	9.405214318158699e-24	4.065793496521636e-24	2.062378236130184e-23	5.549762245881137e-24	5.978307473757344e-23
9.094947017729282e-13	5.4487017686612145	8.250548854060312e-23	5.448701768734132	5.448701768921547	5.448701769103893	5.448701769296933	5.448701769476601	5.448701769664257	5.448701769852802	5.448701770029536	2.2184083906309153e-23	2.64418713246732e-23	1.2768928641784818e-23	5.767914080858031e-24	1.3243628004045818e-23	3.636907339620118e-24	1.0539043174346875e-23	3.598363075140223e-23
1.8189894035458565e-12	5.4487017687238435	3.0626435725081535e-22	5.448701768831668	5.448701769212663	5.44870176956291	5.448701769942151	5.448701770308842	5.448701770680726	5.448701771054232	5.448701771409044	8.875105911736703e-23	1.0603623698514145e-22	5.19575370542361e-23	2.3176581702307934e-23	5.329277304708964e-23	1.4488104093276898e-23	4.183692846486246e-23	1.4194515948753908e-22
3.637978807091713e-12	5.448701768635923	1.308879421907348e-21	5.448701769004078	5.448701769748494	5.448701770484464	5.448701771234543	5.4487017719821065	5.448701772720887	5.448701773457467	5.448701774198047	3.527517510079225e-22	4.2046502115226056e-22	2.030650588751948e-22	9.170820204298677e-23	2.1064136761250562e-22	5.781848617758092e-23	1.6759268600073153e-22	5.721344721426319e-22
7.275957614183426e-12	5.448701768654456	5.382311115412877e-21	5.448701769359108	5.4487017708602705	5.44870177232817	5.448701773829056	5.448701775294608	5.44870177679035	5.448701778263482	5.448701779759288	1.4205562202223302e-21	1.703711464004705e-21	8.181849843296696e-22	3.6910129211014593e-22	8.534446716623146e-22	2.325152911127778e-22	6.745997290157872e-22	2.3037304843207383e-21
1.4551915228366852e-11	5.448701768644405	2.5068674204580776e-21	5.448701770076173	5.448701773068083	5.448701776011811	5.448701779019736	5.448701781947899	5.4487017849278505	5.448701787879688	5.4487017908512625	8.294520269328564e-22	1.1214541155798692e-21	5.1138996335502e-22	4.795107195987542e-22	4.87873751849628e-22	4.3802671959509305e-22	5.757463174561276e-22	1.4524061311169408e-21
2.9103830456733704e-11	5.448701768640846	4.554160650744643e-21	5.448701771499402	5.448701777493502	5.448701783373997	5.448701789385947	5.448701795244461	5.448701801236955	5.448701807112006	5.448701813096484	1.303932109178696e-21	4.728598736364638e-21	6.27904187060774e-22	1.4298779008605049e-21	4.934014336414176e-22	2.1992403717193684e-21	9.382456690888848e-22	5.261376499208322e-21
5.820766091346741e-11	5.448701768625838	1.9907862531081493e-21	5.448701774365463	5.448701786310281	5.448701798100434	5.448701810103934	5.448701821819555	5.448701833812925	5.448701845661189	5.448701857497563	8.544347691943018e-22	6.788338708383188e-22	4.625869754983649e-22	1.4888692247772732e-22	1.3090318768954707e-21	8.049981287237141e-23	5.750429644159363e-22	8.334805522833282e-22
1.1641532182693481e-10	5.4487017686441686	8.994024401133355e-22	5.4487017801168705	5.448701804028643	5.448701827533165	5.448701851573367	5.4487018750667895	5.448701898979292	5.448701922574475	5.4487019463287485	7.772121956330716e-23	1.1396629794423337e-22	6.700584964257928e-23	1.758424386530988e-23	2.9670416244878513e-22	1.1508466928359425e-23	3.8955039283181545e-23	1.1868057128325313e-21
2.3283064365386963e-10	5.4487017686476396	6.136024690676098e-22	5.448701791611286	5.448701839427394	5.448701886430208	5.44870193448494	5.448701981505406	5.448702029320706	5.4487020764969865	5.448702124027396	3.8450185847607897e-22	1.9974686908733853e-22	9.034635878480626e-22	8.318522706013232e-23	1.398356473759912e-22	8.427977958046587e-23	9.854350719086247e-23	3.109316531860587e-22
4.656612873077393e-10	5.448701768657829	1.727693972813174e-21	5.448701814536681	5.448701910168113	5.448702004181427	5.448702100349585	5.448702194335229	5.448702289958522	5.448702384334291	5.4487024794390075	5.654003722305167e-22	6.768596910400167e-22	3.2852825169789257e-22	1.460049652249519e-22	3.449348786485339e-22	9.115806895643931e-23	2.6976896529064517e-22	9.114584849929267e-22
9.313225746154785e-10	5.4487017687049955	6.676155967620512e-21	5.448701860458742	5.4487020517043465	5.448702239707055	5.448702432031506	5.448702620029782	5.448702811301947	5.448703000011059	5.448703190185178	2.201478417461021e-21	2.638549729946269e-21	1.2875277152044946e-21	5.692356253536654e-22	1.3452616702145822e-21	3.5417614380832106e-22	1.0460506105618608e-21	3.539282575320266e-21
1.862645149230957e-09	5.448701768659874	2.6641803583899135e-20	5.44870195223352	5.448702334778711	5.4487027107692105	5.448703095448029	5.448703471438442	5.448703853956579	5.448704231392097	5.448704611729563	8.788075834217363e-21	1.053277330388649e-20	5.139679333642142e-21	2.272306001547539e-21	5.370240628404893e-21	1.413812639156435e-21	4.175780735070035e-21	1.4128408326029405e-20
3.725290298461914e-09	5.448701768553622	1.0272014825475365e-19	5.448702135855173	5.448702900846571	5.448703652870844	5.448704422222687	5.44870517427423	5.448705939244983	5.4487066941402285	5.448707454825552	3.4301672322253755e-20	4.100516227750972e-20	2.0057645332895625e-20	8.871085759296349e-21	2.0909560163548065e-20	5.521177132726799e-21	1.630323225978342e-20	5.515173533970081e-20
7.450580596923828e-09	5.448701768343033	6.404320046585616e-20	5.448702503194526	5.448704033184244	5.448705537249122	5.448707075676753	5.448708579829876	5.448710110048861	5.448711619608535	5.448713141090349	2.4807012364675848e-20	3.3835534450916875e-20	1.545070473048139e-20	1.4742926583043363e-20	1.468247619898611e-20	1.3407274140167926e-20	1.723697854900405e-20	4.335735478724898e-20
1.4901161193847656e-08	5.447128899988297	9.562652193614276e-06	5.446298859326481	5.449469289498182	5.450172121788028	5.450120768500024	5.447437228636365	5.447740417144136	5.446114736768095	5.440430620703805	1.4977400532556072e-05	6.065217261005801e-06	5.6894620960158955e-06	6.058673455480494e-06	6.067133417444994e-06	5.682910321995755e-06	6.065306780642207e-06	1.4971964257684233e-05
2.9802322387695312e-08	5.4378512243716495	0.0001883015749478418	5.434744861098007	5.44501321279674	5.451195997149332	5.458994053329088	5.465280644406239	5.465221100426091	5.470788448325686	5.47786264570487	0.00021445964773973187	0.0001722708672812374	0.0001522974346966048	0.00014395233595738524	0.00014395237183896932	0.000152297398908326	0.00017227087414992405	0.0002144596629781876
5.960464477539063e-08	5.500549422517821	6.451680039888445e-05	5.453613695703413	5.449334195185341	5.469310211780083	5.477200834095352	5.481770166345814	5.481424497964341	5.4745484034554694	5.466646866517278	2.2418145879697344e-05	2.6775827442692655e-05	1.3046360985180328e-05	5.783318640496435e-06	1.3691574632065867e-05	3.605508719351172e-06	1.0708190751446078e-05	3.610185655336145e-05
1.1920928955078125e-07	5.473776630360357	0.00023902456796927416	5.47735715520272	5.47286931357255	5.4728646080680665	5.473936675132247	5.476378962026627	5.47167969635146	5.471630724101251	5.473497267402872	0.0002428187143596066	0.00024281876098608074	0.00024281866731993456	0.00024281340558980383	0.00024281866731993456	0.0002428134055722102	0.00024281871434198168	0.00024281876098604887
2.384185791015625e-07	5.464817321330631	0.00030529085459417895	5.453415808126052	5.467480064298434	5.455425693594685	5.479474143188865	5.469591263792504	5.474120536446153	5.480986779216917	5.478010497005595	5.405981158796345e-05	6.295042534002276e-05	2.8385047091458097e-05	1.6298677655339234e-05	2.6425836575609793e-05	1.1747030844977403e-05	2.516246523992325e-05	8.515821669159783e-05
4.76837158203125e-07	5.467708113726613	0.002395318031074478	5.466770402619295	5.466168279278742	5.462051889370735	5.462114087789809	5.4798130054258865	5.477008687311449	5.459671984423683	5.474050660304428	0.0023949852881183396	0.002425335087363605	0.0023510665372566985	0.0022853979406589576	0.0023515220475418333	0.0022780932840536453	0.0023858954809308974	0.002423356466481997
9.5367431640625e-07	5.668295428129578	0.05193594597384398	5.535699680584445	5.587016505225555	5.4384626894686345	5.276589283420322	5.244088715723146	5.250196046818543	5.15872444209209	4.952586169905792	0.027388565195499343	0.026989351827045878	0.019390625008828065	0.017198104012337838	0.01526346442148876	0.013207056035941625	0.019343384020577507	0.031107540852777702
1.9073486328125e-06	4.847229757122428	0.01801299818854731	5.420166457912211	5.354716091766495	5.195319713446237	5.1291848023509505	4.975886051557379	4.989055030617289	5.029269834729283	5.07400354309816	0.006034511194876287	0.00816505238132036	0.0037237643530810935	0.003496826599269107	0.0035513658566974685	0.003193073663198518	0.0041891675203645316	0.010565059678680894
3.814697265625e-06	5.198727706113601	0.084235831674107	5.098166987668498	5.190525683278158	5.225385636729155	5.049481719882103	5.239862030708389	5.19154780542255	5.133640792429104	5.216113313233521	0.06360114199914534	0.07049277813045773	0.04913254166818707	0.04455070024148562	0.04941268191964483	0.041160308801863846	0.05488053038584088	0.07000665173690467
7.62939453125e-06	5.296199543317938	0.07678084174228979	5.185936239553771	5.318476794356216	5.343174298249648	5.139312350442	5.362055715815046	5.329561341600551	5.297106371790449	5.294474184200911	0.06377645352306079	0.06937492463929341	0.052832236203462245	0.048649546608039544	0.05323058242027178	0.04600704660770112	0.058102756413955084	0.06864286953091694
1.52587890625e-05	4.934941676841273	0.16329211029792987	4.913011732210927	5.443566996213679	5.238102083369204	5.432459001408818	5.113330641293578	6.050894427678939	5.974441249959457	5.458944557221305	0.15091372849723	0.12014817096913982	0.12384084864003178	0.13745321302021404	0.1333546335082984	0.10190237698191945	0.12888200028203772	0.9481129547855282
3.0517578125e-05	5.493224502568374	0.17330381183395277	5.131928272384128	5.578570169513333	5.089966776378024	5.4991397702293074	5.649999249691097	6.072683764873482	5.7552232169790996	6.021159639793544	0.1507637672787867	0.1321222097742394	0.13721197412122177	0.15076369377827553	0.09905336758067262	0.11145112695386661	0.11505121939072249	0.13721197203978971
6.103515625e-05	5.510855362878082	0.15129777687410131	5.739677211237686	5.623473513335144	5.905607934556078	6.1810090178228965	6.210215850321576	6.400036685176762	6.614066650652563	6.789107350377382	0.17231543658115098	0.13841732428070797	0.12236894161555789	0.11566371691346036	0.1156637988820016	0.12236885991084696	0.13841733985260338	0.17231547166227834
0.0001220703125	6.623595689019539	0.33974349884349136	6.6269418104358	5.9652363238645005	6.357050448443095	6.469012640583822	6.642583299206425	6.280275317474484	6.119020526809038	6.1586863706966435	0.1382289740272181	0.20936348406357072	0.09609444428136474	0.0813637263753362	0.1071987321860569	0.07302407758743393	0.10500151654705393	0.1969379730820997
0.000244140625	5.867571618303923	0.688499068094264	5.822365970596731	5.843845632749614	5.786124464086536	5.580425224952584	6.014044337479545	6.01590863385007	5.775301630609277	5.777305110855714	0.6827924290745172	0.6951245038133457	0.6643047640901286	0.6413291947451586	0.6646053181945257	0.6378387924353605	0.6782646069394448	0.694053577534097
0.00048828125	5.9198599868177615	0.3948816718625697	5.981470727295165	5.801090583712318	5.821518163194071	5.947345254139643	6.039999398514828	5.825212367106906	5.791378392148582	5.93662709718003	0.39452307984200724	0.3997298417368633	0.38695863739311054	0.3758773319066711	0.38704143869617447	0.37459942996994944	0.39292607334281276	0.39937839901871297
0.0009765625	5.874881998540325	0.26251956710146024	5.902006586708146	5.922568880175688	5.9021272299527014	5.814598044037159	5.760426760830377	5.857568205474974	5.983375961277429	5.890409703198646	0.26636333945558016	0.2667187541148897	0.26593621941213197	0.26414834887025135	0.26593635647582403	0.2641252667342565	0.2663382756948087	0.2667164505865254
0.001953125	6.081103878236316	0.9599445592564454	6.085782085935809	6.007865867419236	6.061958209933763	6.245304938589465	6.093806075381763	5.910007844298934	5.95413149437567	6.289974568924379	0.9751817812610716	0.9751817815003948	0.9751817810215205	0.9751815295749509	0.9751817810215205	0.9751815295749487	0.9751817812610694	0.9751817815003526
0.00390625	6.219878819994052	0.1832251607210667	6.237065931613112	6.197585631664574	6.415675299433025	6.018592142291348	6.105926730044871	6.09321324406654	6.345776805495241	6.05245693642545	0.16212253423247242	0.17338253314540045	0.14145821538852643	0.13162030459527696	0.14234255711068095	0.1266014737302501	0.15278848768973932	0.17166861843912484
0.0078125	0.29836170267326373	0.4587011275513904	5.590085983103016	4.788599103776662	6.419290402975934	5.3749049710392205	5.807506692658795	5.984263574628303	6.4030741076401645	5.2991999439129955	0.1522464016045784	0.22743674182272347	0.06648798358635559	0.03101592993446889	0.2411159501818182	0.015069475614694404	0.12511383593888897	0.3433341185076226
0.015625	4.2754554946812675	0.8310193135606687	3.9390099535641614	4.141317888468582	3.453021869551156	3.614245802591191	4.178836029475609	4.388404042335407	4.639700350194638	5.03388454995086	1.3016174713046915	0.5271012575593472	0.4944128797666505	0.5271008059338648	0.5271014443580819	0.49441238379705826	0.5271012901587321	1.3016170727105731
0.03125	2.6211115909655556	8.634878897166312	5.198603608852665	2.9278096039784876	4.11315597110978	4.632418328065102	5.734137993545087	4.7704046244685845	4.0862736197172	5.292592311384187	1.5769726023588244	1.834008649597711	0.8244042879187508	0.4848029096267037	0.7631133956107438	0.3536316641833798	0.7372623449365396	2.464465563453532
0.0625	3.3029623337534724	1.0690577790755669	3.9793594758574073	3.4589600810145074	3.819612766363671	4.2799424612213315	4.250504766956264	4.4514193519273535	4.792009737916198	5.765136895255858	1.2175668456965947	0.9780455129177469	0.8646489384651554	0.8172707399485988	0.8172709250439019	0.8646487538433805	0.9780455483681665	1.2175669242626785
0.125	3.9999477779619106	10.67819948189254	5.271053604172569	4.812255059494433	6.631779746464332	6.159964874141922	7.164977833943638	9.056278262182722	8.775236907948583	10.553774498672222	12.161570600805515	9.769130605156127	8.636477841374461	8.163244638108639	8.163246272374694	8.636476211205693	9.769130918356245	12.16157129404448
0.25	7.559015545011012	11.360379446600197	7.974716616769827	7.393822722629693	7.461070519539539	7.289747217120115	7.280935945543275	8.506082540905958	7.153215161867417	7.412529478778723	11.540702988803417	11.540702990573719	11.540702987030654	11.54070081082825	11.540702987031164	11.540700810828238	11.540702988803405	11.540702990573209
0.5	-10.25786372003141	0.22659795875741193	5.655431381933918	5.043263002793813	11.623169806759629	6.447732462607273	9.254142837834365	9.338229618671527	10.435380293429876	9.818989184924291	0.6075483039359276	0.16210968810236343	0.9453406545844512	0.4953611117600411	1.4885117377755304	0.06333766984977114	0.03559635603642182	0.26269678557020293
