h	mu	var	mu_cv1	mu_cv2	mu_cv3	mu_cv4	mu_cv5	mu_cv6	mu_cv7	mu_cv8	var_cv1	var_cv2	var_cv3	var_cv4	var_cv5	var_cv6	var_cv7	var_cv8
1.7763568394002505e-15	11.688800334168809	1.7025641820785015e-24	11.688800334168716	11.688800334169741	11.688800334170375	11.688800334171226	11.68880033417225	11.688800334173019	11.688800334173855	11.688800334174408	3.1027281603975555e-25	3.6268361418291455e-25	1.6957052191250254e-25	8.882637284264004e-26	1.4971675489062117e-25	6.108105157664672e-26	1.3505035421046731e-25	4.812277934110081e-25
3.552713678800501e-15	11.688800334170526	2.3710320083489246e-24	11.688800334169192	11.688800334171056	11.68880033417267	11.688800334174196	11.688800334176028	11.688800334177742	11.688800334178906	11.688800334181115	4.149273583377604e-25	5.08680334534399e-25	2.4856027422291547e-25	1.2088401750112593e-25	2.0861879509855865e-25	7.912465897766044e-26	1.7267594320993243e-25	6.217005477316277e-25
7.105427357601002e-15	11.688800334170894	3.453138537470565e-24	11.688800334170706	11.688800334173033	11.688800334176497	11.68880033418095	11.68880033418442	11.688800334187388	11.688800334190972	11.68880033419402	5.232574978351096e-25	6.22704376807232e-25	3.4629403892624877e-25	1.7755503799439606e-25	2.4262015064403952e-25	1.1900107324415015e-25	1.9823948161677352e-25	6.62678554589432e-25
1.4210854715202004e-14	11.688800334172797	1.388912395826018e-23	11.688800334171743	11.688800334178016	11.68880033418506	11.688800334191795	11.688800334199518	11.688800334205826	11.688800334212868	11.688800334218875	2.47017881066604e-24	2.9259581480539105e-24	1.4602208432591654e-24	6.926967804541233e-25	1.4155936920008158e-24	4.47701851939485e-25	1.1491231950704564e-24	3.772358444980033e-24
2.842170943040401e-14	11.688800334174346	1.594802490961836e-23	11.688800334176502	11.688800334190237	11.688800334201595	11.688800334215783	11.688800334229427	11.688800334243455	11.688800334256243	11.688800334271045	2.680344883646101e-24	3.0733101024796327e-24	2.661722460804098e-24	8.686723266864047e-25	2.22878281914669e-24	5.017858391110441e-25	1.1681009368309918e-24	3.478073290673056e-24
5.684341886080802e-14	11.688800334163115	1.6052930743139607e-23	11.688800334183815	11.688800334208677	11.688800334236573	11.68880033426342	11.688800334289821	11.688800334320213	11.688800334344892	11.688800334370612	3.125981463736828e-24	3.62917722273413e-24	1.8806164780110522e-24	8.607461984210948e-25	1.8724780092152332e-24	5.43675431508328e-25	1.4943801431116444e-24	4.771242039398449e-24
1.1368683772161603e-13	11.688800334168393	6.150080745541886e-23	11.688800334194992	11.688800334252281	11.688800334305183	11.688800334359623	11.688800334415872	11.688800334469219	11.688800334522556	11.688800334580892	1.2673465269540874e-23	1.489439976868694e-23	7.73666179685047e-24	3.489056550186614e-24	7.524066844826384e-24	2.1750289703178387e-24	5.899906748759367e-24	1.9416846216335546e-23
2.2737367544323206e-13	11.688800334207093	2.516038030706544e-22	11.688800334225485	11.688800334334076	11.688800334438156	11.688800334550512	11.688800334660714	11.688800334769388	11.68880033488062	11.688800334982403	5.305137011007278e-23	6.171626712848564e-23	3.2416069668315985e-23	1.500224997416786e-23	3.0604936552621433e-23	9.530376935902272e-24	2.4626825345961425e-23	7.872437496868011e-23
4.547473508864641e-13	11.68880033416717	2.127706313800417e-23	11.688800334272255	11.688800334494912	11.688800334714509	11.68880033493289	11.688800335150715	11.688800335372493	11.688800335590171	11.688800335811862	8.485920493277262e-23	2.0945202565190714e-23	7.428388318421722e-24	1.1279261074490775e-23	1.716556663128489e-24	1.3347867468311938e-23	1.842521070385042e-24	1.0055139978994753e-23
9.094947017729282e-13	11.688800334273468	1.3053044048335552e-21	11.688800334392017	11.688800334835186	11.688800335262671	11.688800335702494	11.688800336145194	11.688800336575289	11.688800337009829	11.688800337432912	3.016794914548489e-22	3.4883062540114558e-22	1.889028304242075e-22	8.509150886908487e-23	1.8245955499982983e-22	5.318479421620936e-23	1.434260942140383e-22	4.427273769997375e-22
1.8189894035458565e-12	11.688800334195307	5.406150637873749e-22	11.688800334601664	11.688800335477275	11.688800336356698	11.68880033723073	11.688800338107676	11.688800338987793	11.688800339857846	11.688800340753621	1.6252861164148907e-22	2.688725083869493e-22	8.152229975459561e-23	3.7743465427908124e-23	1.0958109406705448e-22	2.201072665682522e-23	8.717381546518072e-23	5.253189280180354e-22
3.637978807091713e-12	11.688800334162266	4.900117383630949e-24	11.688800335021448	11.68880033678136	11.68880033853006	11.688800340296298	11.688800342043939	11.688800343801487	11.688800345550257	11.688800347303824	3.197173395597691e-23	1.194426566103225e-23	1.4790480506613248e-23	3.9214620124878365e-24	9.841777642170313e-24	4.521379007900693e-24	2.2795434872671628e-23	5.429908439549756e-23
7.275957614183426e-12	11.688800334157566	1.242863638104977e-20	11.688800335886752	11.688800339409042	11.688800342880203	11.688800346421113	11.688800349917503	11.688800353437486	11.688800356934351	11.688800360441675	2.5630295048539904e-21	2.976120233893535e-21	1.604772449784005e-21	7.011530322116157e-22	1.664338761490247e-21	4.29641873360518e-22	1.2620435008802794e-21	3.838056386546963e-21
1.4551915228366852e-11	11.688800334163602	1.725348036913968e-21	11.688800337605402	11.688800344644745	11.688800351615233	11.68880035868086	11.688800365660889	11.68880037270322	11.688800379699439	11.68880038671373	3.3335978454412423e-22	3.8371565530237586e-22	2.0507484009170263e-22	9.032413053676747e-23	2.193867272466016e-22	5.59329235693602e-23	1.6869298596375989e-22	5.021531584798745e-22
2.9103830456733704e-11	11.688800334235662	1.3685773038146078e-21	11.688800341030284	11.688800355133893	11.688800369082513	11.688800383191026	11.688800397154656	11.688800411235047	11.688800425197652	11.688800439287023	2.7640622749227103e-22	9.976360412505116e-22	1.1448728639426041e-22	4.978161818905403e-23	5.066088457137498e-22	2.494014796068476e-23	1.256852904039677e-22	1.9234767297317505e-21
5.820766091346741e-11	11.688800334228235	2.375267157434137e-21	11.688800347914007	11.688800376067398	11.688800403944729	11.688800432221454	11.688800460120362	11.688800488296598	11.688800516273401	11.688800544327362	5.008200341518492e-22	5.678381911765666e-22	3.1391994904621865e-22	1.337056477032572e-22	3.523905192884725e-22	8.136285325103027e-23	2.651536015459155e-22	7.398721920835975e-22
1.1641532182693481e-10	11.688800334145705	9.270072859145282e-21	11.688800361629376	11.688800417935182	11.688800473763461	11.688800530294596	11.688800586101342	11.68880064243632	11.688800698388821	11.68880075454076	2.074581972533218e-21	2.38672885522769e-21	1.2932836624169057e-21	5.514817240255848e-22	1.4500580873442e-21	3.3366736715165162e-22	1.0824794341753923e-21	3.1148989292991248e-21
2.3283064365386963e-10	11.688800334115756	3.75783891548942e-20	11.688800389096704	11.688800501749004	11.688800613395689	11.688800726380991	11.688800838027765	11.68880095070073	11.688801062566462	11.688801174871331	8.409830338209003e-21	9.675154522381957e-21	5.242649360841737e-21	2.2355533211009224e-21	5.878282567634508e-21	1.3525898792693692e-21	4.388162184273198e-21	1.2626974288532851e-20
4.656612873077393e-10	11.688800334192956	1.4978955324453228e-19	11.68880044400322	11.688800669321244	11.688800892577628	11.688801118607532	11.68880134186639	11.688801567207964	11.688801790956944	11.688802015650813	3.3521700814896813e-20	3.856544859521396e-20	2.0897253803400334e-20	8.910997208461213e-21	2.34304940321347e-20	5.391490283634783e-21	1.7491034148914296e-20	5.0331436546202216e-20
9.313225746154785e-10	11.68880033447329	1.3221032879900027e-19	11.688800553710324	11.68880100446233	11.688801451034507	11.688801903076746	11.688802349631047	11.688802800302515	11.688803247743145	11.688803697111295	3.147251152974575e-20	3.697770199492245e-20	2.5247649650787025e-20	1.7470307973570898e-20	1.8154526618023867e-20	1.4290900534395396e-20	1.683816086556719e-20	4.0855787695335264e-20
1.862645149230957e-09	11.688800333054218	1.9818277816497585e-19	11.68880077353471	11.68880167472828	11.688802568196625	11.688803471966049	11.688804364921916	11.688805266429698	11.68880616157517	11.688807059745962	3.544744688733762e-20	1.1846730791061697e-20	2.700467766814644e-20	7.926530546257406e-21	1.4443765517409714e-20	1.0661485928246179e-20	6.457574349742648e-20	7.12518286992917e-20
3.725290298461914e-09	11.688307016332534	8.011122475590435e-10	11.688834239881295	11.688784724513821	11.688841612573839	11.688865666716692	11.68910285206193	11.689092042162235	11.689110110300579	11.689113833098729	6.087966657191914e-10	5.403716542622109e-09	1.8521128275704707e-08	1.0038715705532787e-09	2.5280341763967617e-11	1.3551310512374646e-10	8.976802551558837e-12	2.0543651008769063e-11
7.450580596923828e-09	11.693546101748236	6.80068316093458e-05	11.684892853450727	11.688187193284945	11.68880605784894	11.682023559886034	11.686008739668905	11.673295996603924	11.66893282187558	11.665617238441621	3.7108650387031054e-05	4.733198537220793e-05	1.622744744959235e-05	1.6006082635512262e-05	2.23647959531533e-05	7.981178701145531e-06	1.6118807431971433e-05	4.760474276707482e-05
1.4901161193847656e-08	11.669573102369903	5.956100127234535e-06	11.688062325131314	11.688325225111646	11.668065322081464	11.668595503395752	11.668262369779764	11.667242237590044	11.667084518971894	11.668798849883801	9.038649667473173e-07	9.154277169337558e-07	7.080852909057736e-07	2.9085755496385443e-07	6.257621496738301e-07	1.805928706430467e-07	4.860778538131457e-07	9.660321788371254e-07
2.9802322387695312e-08	11.64753745824528	6.488671259941713e-07	11.666156081693043	11.672369258180705	11.670653842712383	11.66798374768224	11.668859771187156	11.66888905325032	11.669448581238157	11.669509684575997	8.67965593062836e-05	2.2517068919444026e-05	9.109116732701535e-06	4.184046923867828e-06	9.232722574430405e-07	2.512549639446972e-06	5.921582774464634e-07	1.2932220312281987e-06
5.960464477539063e-08	11.67721953329063	3.3913785657758515e-05	11.670211280622212	11.678494999581048	11.673466765912343	11.66952412306522	11.669568656001168	11.668611615747645	11.66903486594283	11.671199642320552	8.05728676733773e-05	5.614830170874265e-05	2.328758138426009e-05	8.613294097842596e-06	1.9471326103995152e-06	6.799543823674831e-06	9.54738493136655e-07	2.592400698078773e-06
1.1920928955078125e-07	11.666781034135646	1.0800351334113798e-07	11.66628899729548	11.672676538138617	11.670092971557656	11.66985851222759	11.679880119367157	11.675611583231062	11.675419825320896	11.671443881444475	7.54845364502114e-07	3.6115312089086586e-07	2.8392985799531177e-07	1.627517201326736e-07	5.493161150570177e-08	9.989483655744808e-08	3.749663453313762e-08	6.740560167532084e-08
2.384185791015625e-07	11.63542955694794	2.6765486701558977e-05	11.671540523570997	11.66539055973759	11.676289582313645	11.65997693439348	11.686729135093389	11.66373107628183	11.652104520489013	11.66484037047883	7.207183033858859e-05	8.548741816046772e-05	0.00013153237071714447	6.352989909467497e-05	7.717466561408726e-05	1.5192791768288484e-05	2.8572133819713533e-05	0.009498675699326008
4.76837158203125e-07	11.774498142804855	0.0066313471928811105	11.673968619262181	11.703005801662952	11.713219457375848	11.77797018438398	11.747044787447916	11.744708132277152	11.763271581581169	11.671620789649134	0.0012374135335541253	0.002626048275234317	0.0017118007416891455	0.0015554915625701166	0.000500473918176396	0.000658414342549625	0.0002764028432939245	0.001074683805213768
9.5367431640625e-07	11.693985660823186	0.0017159002300723605	11.723255663878135	11.712091195712766	11.725565990185666	11.726072270083282	11.739191813838056	11.690149863668283	11.721726336648668	11.680388384438308	0.0017620489406468022	0.0020485365142644332	0.0015826765058067657	0.0015439951160503606	0.0020201102484210614	0.0016568765927472175	0.0016415758138933188	0.0015940416471336278
1.9073486328125e-06	11.645595395722612	6.945282416691527e-05	11.676191918987156	11.735838061793753	11.671084480932818	11.7066557872043	11.694540508838937	11.697424119234046	11.683558132538186	11.693329557810985	1.0443215686026297e-05	1.0798790713627782e-05	1.582997673506891e-05	1.3328692405544472e-05	2.2528001104856036e-06	3.2502574838368496e-06	7.243849383374486e-07	4.327883050317624e-06
3.814697265625e-06	11.703201818058158	0.006126127711130762	11.770651824969846	11.71070151687513	11.729725550287531	11.662209731641065	11.742959695930974	11.699592028581439	11.739049972323858	11.726082095043086	0.0010268758057793083	0.0009969210630943902	0.0005714681437277023	0.00023665033063625712	0.0006493046376281224	0.00017378622697857053	0.0004034583261722123	0.0013711000520175614
7.62939453125e-06	11.546243194699253	0.0018225525466699251	11.70185334394743	11.67239729399113	11.81169861280796	11.705125091457873	11.863611095706258	11.904179587435273	11.88398157642265	11.862574925560661	0.0005240453336230867	0.0026146416903208894	0.003243434310685202	0.0020858081322349103	0.00020089572582701647	0.0007265360291973349	0.00018504437974082186	0.0008604653690275781
1.52587890625e-05	12.126562874909805	0.0002941002676368166	11.691286334862658	11.744023540873213	11.888003355217982	11.920493889242895	11.832135151190103	11.844158231492463	11.87087281930538	11.80221510070036	9.76869303597426e-05	8.097930517579025e-06	0.0013165854731461062	0.0004801430541505527	1.917680349871418e-05	3.079716061681747e-05	7.016754913791709e-06	5.1723091936125355e-06
3.0517578125e-05	11.098518317194653	0.12189950185605254	11.949125063129062	11.592530150689496	12.21473333257739	11.58563280479948	12.04929550983722	11.819996092305683	8.375765541581359	3.3238370450579935	1.0230471581955958	0.1690465963827246	0.07396850516170234	0.051987507486706525	0.05196549707309471	0.07388951578185923	0.16882618117651538	1.021979327843892
6.103515625e-05	-8.527023737208742	1.4845206276561682	12.435942095707151	12.32114044792005	6.468999483634395	6.32948426915735	9.653662088710494	8.314628043296166	9.347663670213663	10.245371424124537	1.9644459611528025	29.875852386027887	30.861006971799327	4.915910922070226	0.06818699105282598	0.7063909339879689	0.028104343779637	0.07816864083585844
0.0001220703125	15.372227037213438	1.4212498421802509	10.428295251172699	1.7910753942374438	10.952698621312864	9.30897230667853	8.932321331822914	10.070182979666866	8.806157622915537	8.700367389541112	0.5666142361355821	0.5408220449105888	0.35312166854458577	0.024113366961456575	0.4330266986530056	0.014680732285155478	0.08306415662687734	1.1927770219819631
0.000244140625	4.724367892125689	0.05658665167987395	16.654626635080426	9.498325585087445	9.6953723277315	9.391088498148125	2.3043350895093546	10.143376313279015	8.62608327945788	2.268003820087339	3.45853037053755	4.223782042208464	0.04648722489248824	0.029902743274059094	0.49495480904987454	0.032638561998603384	0.036540159115411155	0.1561952957815263
0.00048828125	-2.1702258859389816	16.215428734551406	8.087341734291028	1.125601765321465	3.1062798055831693	5.383485248403065	8.442327620370332	6.610341688447991	10.216270246594595	8.255106558126258	16.541007506574747	29.393049611913874	25.507912610211044	14.91584053736728	1.8939219186327831	4.29703250283355	0.6887468237418136	1.354888392560455
0.0009765625	17.22688342430828	3.814412886587881e-05	10.082415078881315	6.47321787164953	9.069259829310779	8.580703379395567	9.661622067431288	9.285357936448415	8.479661987099941	5.939058643363233	0.004986039871280912	0.003930816917363272	0.003130210759610849	0.001768580197624926	0.0023163802266831066	0.0013794728491306704	0.0036558066222289114	0.0031951249921552383
0.001953125	-1.2028787286867477	0.15835143618036415	9.488773406327315	10.953111132931237	8.972519338621655	10.189853400879604	4.481918074203061	9.578195971579952	10.226061114184589	9.546760395499042	0.04946389907597311	1.5405915332384696	0.20132011405222686	0.07553181079539675	1.5419815211619465	0.04944510938624844	0.07560385797203034	0.20109213338575826
0.00390625	29.083447647880703	0.0273413664989649	13.163173785618813	9.126856040876575	7.799776059660769	10.004224545709299	9.807666878581294	11.37200305330896	9.984406878272267	6.542944054192404	0.020727514548973484	0.017940036199613978	0.012637957440171713	0.009542038183382666	0.006726936328359343	0.00714634232114842	0.0058508477044397315	0.011516022417891044
0.0078125	16.076039654845243	0.5819102978817609	9.852825437874396	12.486785397589289	7.7177062011572835	7.981299385954099	9.09647328292701	8.079818343553038	8.412650102448652	11.133477525425635	0.02106611249310138	0.015135523019626776	0.008382075956389208	0.0014909272125802624	0.0557694271454303	0.0007684032840321919	0.006946752556553009	0.024516130309812104
0.015625	3.5506144461635247	2.1449795418552715	7.74000753173825	2.7427187841239595	10.404795879618346	8.653661168610908	9.379525769256015	6.207069477393721	9.458733562754896	9.168082260121418	0.3006878683396796	0.4242559606153782	0.42326114969312795	0.37230260798584636	0.050813890565834734	0.10034484824416685	0.019598964997849872	0.1220322418015048
0.03125	3.546635192550145	4.581979628190617	2.106921427679092	1.4533680320679137	10.776760365409586	10.23041034221384	8.481883837509551	9.094829750572286	8.014135897019427	8.658981668153677	0.41670340778121	0.5975221735763566	0.5253334830767121	0.5071439945299623	0.10786734344411662	0.14993181239990697	0.041967540411792736	0.2657226352705896
0.0625	8.26417255913222	0.6575301551356081	9.354737215820169	11.932480744361577	11.49893557875342	11.009904479219152	8.980779077880657	12.603645777154426	7.22103166724109	10.359877466141068	1.3076679431531446	1.0468440243083241	2.9841652921091812	2.984285079820587	1.0465582894510146	1.3078555227139093	0.9552520350955782	0.9554116280447672
0.125	21.56248926755191	0.0021774884873193346	9.905738201642531	6.980560313049225	6.377086572882412	7.579416769000705	12.829408821286933	7.4959349227936425	2.9496822700849785	5.778513499019348	0.029474509522577203	0.7267197139551349	0.00920138524089474	0.019143203551074277	0.09553708485326555	0.004733886652335226	0.012196665766195157	1.2486965678287827
0.25	-19.047046092730966	40.52715434242594	2.9610214790810994	7.2630034694544	3.1815166876088754	6.215003057730648	6.0567073522079236	14.174626445453738	6.959382348274639	8.4819132203323	3.201304790755243	1.560875431053762	1.2702690960049847	1.2376726783818355	0.33894288014939467	1.1879696270564584	0.3993664390839926	1.0357662792029445
0.5	6.518001028216212	3.5973293641437882	10.736442654925732	5.669034645655885	8.44641715522464	9.441587178568362	9.23352982892846	8.588524606148562	7.584429871277684	7.921340381974282	1.910336842960673	4.299559258914536	0.6212782989117188	0.8575405936621768	1.9988920586678642	0.49501087094850094	1.366266450409707	2.430166112078229
