h	mu	var	mu_cv1	mu_cv2	mu_cv3	mu_cv4	mu_cv5	mu_cv6	mu_cv7	mu_cv8	var_cv1	var_cv2	var_cv3	var_cv4	var_cv5	var_cv6	var_cv7	var_cv8
1.7763568394002505e-15	11.351534884504051	2.924380514605725e-29	11.351534884503929	11.351534884503671	11.351534884503419	11.351534884503158	11.351534884502907	11.35153488450266	11.351534884502408	11.351534884502149	3.3306232997190584e-29	2.675418716167768e-29	2.365225241829476e-29	2.235623858715532e-29	2.235623858715532e-29	2.3652252418294763e-29	2.675418716167768e-29	3.330623299719058e-29
3.552713678800501e-15	11.35153488450406	1.5853926685392926e-29	11.351534884503796	11.351534884503296	11.351534884502795	11.351534884502273	11.351534884501774	11.351534884501266	11.351534884500756	11.351534884500236	1.8056288279408993e-29	1.4504231568705586e-29	1.2822581531754215e-29	1.2119974324534807e-29	1.2119974324534807e-29	1.2822581531754215e-29	1.4504231568705586e-29	1.8056288279409e-29
7.105427357601002e-15	11.351534884504058	6.268025389545631e-29	11.351534884503574	11.351534884502538	11.35153488450153	11.351534884500504	11.35153488449949	11.351534884498472	11.351534884497449	11.351534884496436	7.138753421924623e-29	5.73440848646404e-29	5.069549531511688e-29	4.7917659955384444e-29	4.791765995538445e-29	5.069549531511687e-29	5.734408486464041e-29	7.138753421924623e-29
1.4210854715202004e-14	11.351534884504082	2.5402935251874883e-28	11.351534884503062	11.351534884501024	11.351534884498998	11.351534884496955	11.351534884494924	11.351534884492892	11.351534884490855	11.351534884488812	2.8931805422919182e-28	2.324030271677114e-28	2.0545774865551304e-28	1.9419978982507393e-28	1.9419978982507393e-28	2.0545774865551304e-28	2.3240302716771145e-28	2.893180542291918e-28
2.842170943040401e-14	11.351534884504126	3.7444680578295404e-28	11.351534884502097	11.351534884498012	11.351534884493963	11.351534884489856	11.35153488448583	11.351534884481714	11.351534884477676	11.35153488447361	4.2589841511808705e-28	3.4800553442224277e-28	3.917206018696338e-28	4.140091170100197e-28	3.5101383520529895e-28	4.567365612365816e-28	3.9049790794932326e-28	4.256383334252057e-28
5.684341886080802e-14	11.35153488450413	4.224269960065619e-28	11.351534884500106	11.351534884491944	11.351534884483877	11.351534884475644	11.351534884467595	11.351534884459351	11.351534884451329	11.351534884443144	4.804714189672471e-28	3.925976406508803e-28	4.419141906569968e-28	4.670586713970928e-28	3.959914136601423e-28	5.152610478973386e-28	4.405348253858408e-28	4.801780113949474e-28
1.1368683772161603e-13	11.351534884504224	1.2759800086040934e-27	11.351534884496129	11.35153488447987	11.351534884463694	11.351534884447231	11.35153488443115	11.35153488441466	11.35153488439858	11.351534884382222	1.4513085837400554e-27	1.1858776679317047e-27	1.3348428914993554e-27	1.4107941329076939e-27	1.1961288747780855e-27	1.5563938918316366e-27	1.3306763904774124e-27	1.4504223188938998e-27
2.2737367544323206e-13	11.351534884504414	1.1076206303850997e-26	11.35153488448823	11.35153488445572	11.351534884423321	11.351534884390434	11.351534884358244	11.351534884325265	11.351534884293095	11.351534884260358	1.259815449745213e-26	1.0294068568919685e-26	1.1587168411557204e-26	1.2246466843507305e-26	1.0383054666764726e-26	1.3510352607201068e-26	1.1551000897510709e-26	1.259046123250308e-26
4.547473508864641e-13	11.351534884504744	4.115940567653477e-26	11.35153488447238	11.351534884407378	11.351534884342586	11.351534884276806	11.351534884212427	11.351534884146425	11.351534884082144	11.351534884016706	4.681499581278189e-26	3.8252966102926314e-26	4.3058151158469795e-26	4.550811740847562e-26	3.858364023451075e-26	5.020474235835427e-26	4.2923751947935584e-26	4.678640748530515e-26
9.094947017729282e-13	11.35153488450547	1.56022409093404e-25	11.351534884440731	11.351534884310746	11.351534884181135	11.351534884049599	11.35153488392084	11.351534883788814	11.351534883660236	11.351534883529363	1.7746097904839328e-25	1.4500500743987811e-25	1.6321995821923146e-25	1.725070125447357e-25	1.4625848945174513e-25	1.9031044598221142e-25	1.6271049292780823e-25	1.77352609657447e-25
1.8189894035458565e-12	11.351534884506869	7.104073640326847e-25	11.351534884377388	11.351534884117445	11.351534883858228	11.351534883595127	11.351534883337601	11.351534883073539	11.351534882816402	11.351534882554644	8.080223031869481e-25	6.602424978916609e-25	7.4317952754231085e-25	7.854657082348555e-25	6.659499014440554e-25	8.665290009537676e-25	7.408598101578075e-25	8.075288714176829e-25
3.637978807091713e-12	11.351534884509697	2.8070398297885393e-24	11.351534884250675	11.351534883730828	11.351534883212388	11.35153488268626	11.351534882171176	11.351534881643051	11.351534881128797	11.351534880605277	3.192746729887332e-24	2.608822884915505e-24	2.936532812177768e-24	3.1036186272512564e-24	2.631374606515495e-24	3.423924838752356e-24	2.927366889325856e-24	3.190797027927957e-24
7.275957614183426e-12	11.351534884515353	1.1253524522301833e-23	11.3515348839973	11.351534882957624	11.351534881920724	11.351534880868485	11.3515348798383	11.351534878782047	11.351534877753537	11.351534876706484	1.2799837478968992e-23	1.0458865598622618e-23	1.1772666586948981e-23	1.244251968176592e-23	1.0549276268735813e-23	1.3726638904985054e-23	1.1735920069678754e-23	1.2792021053075e-23
1.4551915228366852e-11	11.351534884526629	4.555206635024788e-23	11.351534883490531	11.351534881411196	11.351534879337404	11.351534877232881	11.351534875172563	11.351534873059995	11.35153487100305	11.351534868908898	5.1811238777584676e-23	4.233544244317632e-23	4.765345189636251e-23	5.0364886217187966e-23	4.270140715366369e-23	5.556274969025234e-23	4.750470918117878e-23	5.1779599414268835e-23
2.9103830456733704e-11	11.351534884549212	1.8242571748293426e-22	11.351534882476997	11.351534878318345	11.351534874170733	11.351534869961755	11.351534865841062	11.351534861615967	11.351534857502026	11.351534853313794	2.0749228662881676e-22	1.695438666441941e-22	1.9084129106000746e-22	2.0169997192820798e-22	1.7100947249335065e-22	2.2251623888218644e-22	1.902456101455761e-22	2.0736557813859785e-22
5.820766091346741e-11	11.3515348845944	7.315103323622889e-22	11.351534880449933	11.351534872132639	11.35153486383744	11.35153485541945	11.351534847178096	11.351534838727849	11.351534830499995	11.35153482212349	8.320249669219808e-22	6.798552964468085e-22	7.6525600763946e-22	8.087983182331216e-22	6.857322409731687e-22	8.922696323008405e-22	7.628673820130416e-22	8.315168775414266e-22
1.1641532182693481e-10	11.35153488468476	2.923908663239592e-21	11.351534876395815	11.35153485976126	11.35153484317076	11.351534826334882	11.351534809852108	11.351534792951618	11.351534776495953	11.351534759742908	3.325674158229063e-21	2.717439116151331e-21	3.05879298123843e-21	3.2328352791115656e-21	2.7409297604440924e-21	3.566477180718665e-21	3.0492454426004354e-21	3.3236432820051974e-21
2.3283064365386963e-10	11.351534884865446	1.1682595584966747e-20	11.351534868287551	11.351534835018466	11.351534801837508	11.351534768165699	11.351534735200211	11.351534701399224	11.351534668487911	11.351534634981759	1.3287865905810331e-20	1.085763814030742e-20	1.2221531345083326e-20	1.2916924401061137e-20	1.0951495961775272e-20	1.425000414314733e-20	1.218338376744458e-20	1.3279751457536073e-20
4.656612873077393e-10	11.351534885226805	4.6673369829916556e-20	11.351534852071005	11.351534785532868	11.351534719170973	11.351534651827471	11.351534585896456	11.3515345182945	11.35153445247191	11.351534385459656	5.3086617195778775e-20	4.337756594554053e-20	4.8826482797282853e-20	5.16046614171585e-20	4.375253919364614e-20	5.693047479164721e-20	4.867407865162025e-20	5.305419900219193e-20
9.313225746154785e-10	11.351534885949377	1.871493142474773e-19	11.351534819637697	11.351534686561726	11.351534553838077	11.351534419151104	11.351534287289299	11.351534152085453	11.351534020440349	11.351533886415906	2.1286493861731291e-19	1.7393391027937156e-19	1.9578279446989052e-19	2.069226419988223e-19	1.754374654436943e-19	2.282779099916368e-19	1.9517168943391011e-19	2.1273494923105198e-19
1.862645149230957e-09	11.35153488739415	7.484042368959926e-19	11.351534754770704	11.351534488619476	11.351534223172816	11.351533953799342	11.351533690076113	11.351533419668865	11.351533156378977	11.351532888330285	8.512402120647893e-19	6.955562509881e-19	7.829292534774986e-19	8.274771542942955e-19	7.015689209244586e-19	9.128762010935654e-19	7.804854636086707e-19	8.507203885868328e-19
3.725290298461914e-09	11.351534890279448	3.001558984149777e-18	11.35153462503149	11.351534092733754	11.35153356184426	11.351533023100592	11.351532495657183	11.351531954846607	11.351531428269107	11.351530892166593	3.413994176181701e-18	2.789606219753415e-18	3.140025428604903e-18	3.3186897724576904e-18	2.8137207057176523e-18	3.661192211007888e-18	3.1302243357268387e-18	3.4119093659234086e-18
7.450580596923828e-09	11.351534895977984	1.2177173174358562e-17	11.35153436546511	11.3515333009426	11.351532239240164	11.351531161796185	11.351530106950763	11.351529025336475	11.351527972227984	11.351526900045393	1.3850401914187967e-17	1.1317291516037722e-17	1.273892454485358e-17	1.3463756762600201e-17	1.1415122767446678e-17	1.485327185422091e-17	1.269916200615139e-17	1.3841943944284673e-17
1.4901161193847656e-08	11.350533501719674	7.900704914949567e-06	11.350535286000358	11.352200790189725	11.352017262182715	11.350675659315593	11.349196041175327	11.345579949210562	11.343926821261144	11.335112925804001	1.2374797103358225e-05	5.0112814716078774e-06	4.700504326081807e-06	5.011281471607877e-06	5.0112814716078715e-06	4.700504326081804e-06	5.0112814716078774e-06	1.2374797103358307e-05
2.9802322387695312e-08	11.355463638491058	0.0002996191232282373	11.353257498907912	11.345944824674005	11.34541059556961	11.351344038141043	11.358321385592042	11.35582702420116	11.370106875685817	11.406995490032996	0.00046929051244779695	0.00019004326537142295	0.00017825763651117983	0.00019004326537142328	0.00019004326537142295	0.00017825763651117973	0.0001900432653714229	0.00046929051244779923
5.960464477539063e-08	11.345934734022364	0.00022403979723190575	11.345135299048568	11.346868133655263	11.346869291367309	11.341194500415801	11.346782814621658	11.347258115946383	11.346684195063212	11.346685522060737	0.00022759598448955507	0.00022759598448955507	0.00022759598448955507	0.00022759598448955507	0.00022759598448955507	0.00022759598448955507	0.00022759598448955507	0.00022759598448955507
1.1920928955078125e-07	11.35716363702549	0.0004958052772737967	11.358442415068339	11.35402686989341	11.360090459012456	11.359517893625453	11.353160264551203	11.353607792169642	11.359507114676653	11.358956287206757	0.0005036752023098887	0.0005036752023098887	0.0005036752023098887	0.0005036752023098887	0.0005036752023098887	0.0005036752023098887	0.0005036752023098887	0.0005036752023098887
2.384185791015625e-07	11.374163087885151	0.002423852429558511	11.383268171635653	11.365965712224407	11.297192276163925	11.318162731368854	11.279731840920148	11.292151339929896	11.225043180549953	11.242154620477564	0.002774783796868176	0.0024204032328869925	0.0020280783564734345	0.0019294242325282134	0.0030025513953518563	0.0019528088988708292	0.0029038367278361506	0.006437211371945565
4.76837158203125e-07	11.295326977000641	0.0014823029632127977	11.288979192701904	11.288198127036654	11.304175372807414	11.298198420001983	11.296281811616373	11.298091451623336	11.294563707282556	11.294127732934891	0.001505831581676493	0.001505831581676493	0.001505831581676493	0.001505831581676493	0.001505831581676493	0.001505831581676493	0.001505831581676493	0.001505831581676493
9.5367431640625e-07	11.303404320139073	0.002874970065136993	11.30062690353318	11.312125240516403	11.304957478544877	11.302775050942001	11.309321901332623	11.29075855968068	11.296871120123525	11.30979830643929	0.0029206045106153584	0.0029206045106153584	0.0029206045106153584	0.0029206045106153584	0.0029206045106153584	0.0029206045106153584	0.0029206045106153584	0.0029206045106153584
1.9073486328125e-06	11.250258035715063	0.002325646031556608	11.25500605259992	11.259430749220074	11.27904400706821	11.287617627619696	11.288720364341323	11.286008047936877	11.329222452293013	11.324948207113923	0.002648715111085987	0.0021276564007084156	0.0018809716006262804	0.0017779046636056627	0.001777904663605663	0.0018809716006262806	0.0021276564007084164	0.0026487151110859866
3.814697265625e-06	11.319548178539614	0.003440251795499531	11.323314321456968	11.30483259652474	11.316882792651787	11.32243544739441	11.329186576891978	11.312882234258915	11.320013965887211	11.326837493250899	0.0034948589668566668	0.0034948589668566668	0.0034948589668566668	0.0034948589668566668	0.0034948589668566668	0.0034948589668566668	0.0034948589668566668	0.0034948589668566668
7.62939453125e-06	11.244124031264665	0.02232381080969815	11.21039506095913	11.307200444448743	11.35779546252249	11.407041123355171	11.451666838118962	11.431341581741687	11.481109999113704	11.623965794487232	0.02542494181244579	0.020423313914915472	0.018055393461012228	0.01706605683301156	0.01706605683301156	0.018055393461012228	0.02042331391491547	0.025424941812445784
1.52587890625e-05	11.442863877071977	0.10469818483668134	11.468457022935759	11.340813410369297	11.235994377046051	11.083333636794537	11.128323749996328	11.063951795864524	10.902077842308774	10.782589468031803	0.1192424214679729	0.09578489593328972	0.08467940075261846	0.08003943358809142	0.0800394335880914	0.08467940075261844	0.09578489593328972	0.11924242146797287
3.0517578125e-05	11.133211522511845	0.053594909152678886	11.019542631760336	11.542175311928387	11.124826013583569	11.381650106275604	10.943744339705079	11.171618143505967	11.061027784389532	11.49520987300878	0.033994330645247164	0.08394518383826362	0.03399433064524715	0.031886155101355805	0.08394518383826573	0.033994330645247144	0.03188615510135583	0.033994330645247074
6.103515625e-05	11.181479324652368	0.08773252574138862	11.151221982124616	11.209192783944307	11.21406732606265	11.185826365055735	11.134076900944295	11.123396981305637	11.206336833684365	11.227715424097347	0.08912510551506146	0.08912510551506146	0.08912510551506146	0.08912510551506146	0.08912510551506146	0.08912510551506146	0.08912510551506146	0.08912510551506146
0.0001220703125	10.880624745259176	0.020800067269597315	10.945568361655841	11.054942327961406	11.04303481127767	11.19316314968332	11.283505897762614	11.36142453064134	11.433945945071603	11.553171532334137	0.023689526153604794	0.019029291500436644	0.016822996833719354	0.015901188788036102	0.015901188788036102	0.016822996833719354	0.019029291500436644	0.023689526153604805
0.000244140625	11.3974319907793	0.08019597279257148	11.439028435884854	11.359291241011281	11.405963860719362	11.394041199999823	11.454107031745325	11.384745026153528	11.338285784763206	11.40399334595701	0.08146892474165993	0.08146892474165993	0.08146892474165993	0.08146892474165993	0.08146892474165993	0.08146892474165993	0.08146892474165993	0.08146892474165993
0.00048828125	10.70040506946196	0.18784207099926847	11.11044943922542	11.528001373599142	10.75816389840918	11.363352898470593	10.726530208615578	11.148384448600119	11.133031284488522	11.515389757523906	0.14360108525518606	0.2139363106862975	0.17185047907587836	0.15192578584968958	0.2139363106862975	0.14360108525518606	0.15192578584968958	0.1718504790758784
0.0009765625	10.907665116035396	0.03968352762343141	11.121384595300356	11.252918231649007	11.000798062723009	11.137845956742204	11.003400942379278	11.17981337728338	10.98769437524461	11.215938329546123	0.016844363718745575	0.020326229709800574	0.019004198509163135	0.020326229709800574	0.020326229709800567	0.01684436371874559	0.013706328460704856	0.01684436371874559
0.001953125	11.046906441498948	0.08199241670497628	11.116415230345114	11.19864629243962	11.139161518568496	11.210670570104568	11.377140199435297	11.400760691674485	11.424344916157366	11.462456829942003	0.09338246241005563	0.07501214193594631	0.06631508200134383	0.06268137887798252	0.06268137887798252	0.06631508200134383	0.0750121419359463	0.09338246241005561
0.00390625	11.071756136028426	0.0979402300718996	11.135365219171131	11.061272626785728	11.054776779427002	11.054653843504054	10.997111933805815	11.06439892460127	11.110031256295665	11.096438504636753	0.09949483689843769	0.09949483689843769	0.09949483689843769	0.09949483689843769	0.09949483689843769	0.09949483689843769	0.09949483689843769	0.09949483689843769
0.0078125	11.116010293166838	0.09519253090509011	11.11223799106822	11.108867081858655	11.162743218826442	11.13723994106579	11.08909300871831	11.044903304307297	11.099298689415356	11.173699110074637	0.09670352345913916	0.09670352345913916	0.09670352345913916	0.09670352345913916	0.09670352345913916	0.09670352345913916	0.09670352345913916	0.09670352345913916
0.015625	11.285879617854198	0.06473667948019679	10.996726417663924	11.13748470895979	10.855702134900516	11.22991955863365	11.064145647865683	11.204901571133849	11.045955962859738	11.188709813096507	0.059225440409974676	0.05235872268128195	0.07372962989813171	0.0737296298981317	0.05235872268128196	0.05922544040997464	0.04948975157545828	0.04948975157545828
0.03125	11.036113331083852	0.2716870046223217	11.032485065397962	11.03810646233476	10.996233314971853	11.002664657156934	11.079994858020834	10.991514745767523	11.185746372050657	10.962161172970283	0.27599949675918395	0.27599949675918395	0.27599949675918395	0.27599949675918395	0.27599949675918395	0.27599949675918395	0.27599949675918395	0.27599949675918395
0.0625	10.926617888688208	1.329657042530903	11.190088884669183	10.828336207173857	10.294583650604533	9.919460572500906	9.927506711205297	10.00729493939648	9.294442743418621	9.615004357991943	1.5143674718014721	1.2164591166929861	1.0754203785256835	1.016493234496879	1.016493234496879	1.0754203785256835	1.2164591166929861	1.5143674718014726
0.125	7.524396242956887	6.835397136752593	7.952220320998848	7.4955920299401635	7.156934398459124	7.308166980955029	7.380049882584761	8.166491674674248	7.468380548758352	7.267334107284568	6.943895504002634	6.943895504002634	6.943895504002634	6.943895504002634	6.943895504002634	6.943895504002634	6.943895504002634	6.943895504002634
0.25	6.414265283445574	4.551531135270226	6.696905671826805	6.381137076476806	6.350026791973642	6.696940342638289	6.064825082868516	6.462104538751426	6.701715538421744	5.960467224607378	4.623777661226896	4.623777661226896	4.623777661226896	4.623777661226896	4.623777661226896	4.623777661226896	4.623777661226896	4.623777661226896
0.5	5.053065004937791	6.153427896966119	12.280177033345801	5.042844240169932	10.302532173109096	4.677999449487283	8.365296151216727	4.129244757514309	5.607458443661283	4.340337658436973	5.353108424256874	4.691209391891271	4.871930138930414	5.3531084242568845	3.5170480608964634	3.9572522510477817	4.085077357407333	4.871930138930415
