h	mu	var	mu_cv1	mu_cv2	mu_cv3	mu_cv4	mu_cv5	mu_cv6	mu_cv7	mu_cv8	var_cv1	var_cv2	var_cv3	var_cv4	var_cv5	var_cv6	var_cv7	var_cv8
1.7763568394002505e-15	0.2657889027399696	4.957079232311016e-29	0.26578890273994854	0.2657889027399006	0.26578890273986044	0.2657889027398145	0.26578890273977146	0.26578890273972605	0.2657889027396835	0.26578890273963374	5.645696073827958e-29	4.5350673379929507e-29	4.0092624292401445e-29	3.78957681667904e-29	3.78957681667904e-29	4.009262429240144e-29	4.5350673379929496e-29	5.645696073827958e-29
3.552713678800501e-15	0.26578890273997813	5.791489191163174e-29	0.265788902739936	0.2657889027398464	0.26578890273975164	0.2657889027396736	0.26578890273956707	0.26578890273950023	0.265788902739391	0.2657889027393363	6.722380104619263e-29	5.806007487324264e-29	6.109127585566629e-29	6.566431013215357e-29	7.235012543616171e-29	8.687597542817356e-29	6.984943586323633e-29	6.861431982558122e-28
7.105427357601002e-15	0.26578890273998007	2.471069714080849e-28	0.26578890273988953	0.2657889027397331	0.26578890273954897	0.2657889027393971	0.265788902739173	0.2657889027390224	0.2657889027388277	0.26578890273869366	7.556570515506533e-28	2.5582436795419345e-28	1.5458385297642847e-28	1.8013729483443646e-28	1.7724596362233443e-28	2.4168846842212252e-28	1.7601711140677788e-28	2.7982359721282304e-27
1.4210854715202004e-14	0.2657889027400294	5.754532096989591e-28	0.2657889027398599	0.2657889027395	0.26578890273912914	0.2657889027388197	0.26578890273839056	0.2657889027381126	0.2657889027376885	0.2657889027375072	6.679482738087682e-28	5.768957747887816e-28	6.070143552954991e-28	6.524528800963953e-28	7.188843927722099e-28	8.63215958032886e-28	6.940370729602975e-28	6.81764728753829e-27
2.842170943040401e-14	0.2657889027400981	2.608006963833219e-27	0.26578890273976413	0.26578890273903794	0.2657889027382952	0.2657889027376794	0.2657889027368192	0.2657889027362696	0.265788902735413	0.26578890273505906	3.027203116105581e-27	2.614544801726257e-27	2.7510449834584664e-27	2.9569765641842767e-27	3.2580503000786865e-27	3.91217425135131e-27	3.145439957465501e-27	3.089820562849949e-26
5.684341886080802e-14	0.26578890274023553	8.941149372429759e-27	0.2657889027395662	0.26578890273811584	0.2657889027366352	0.26578890273539973	0.26578890273367706	0.2657889027325774	0.2657889027308685	0.2657889027301713	1.0378298684449258e-26	8.963563340638056e-27	9.431533147144128e-27	1.0137537789502794e-26	1.1169722627226864e-26	1.3412285640868552e-26	1.0783655447135786e-26	1.059297293663723e-25
1.1368683772161603e-13	0.26578890274026606	4.615297156150235e-26	0.2657889027386512	0.2657889027362971	0.26578890273339234	0.26578890273096856	0.2657889027273474	0.26578890272507066	0.26578890272184547	0.26578890271980155	1.4113652161141352e-25	4.7781148025282464e-26	2.887212825131616e-26	3.364482757521919e-26	3.3104804254765696e-26	4.5140940161529455e-26	3.287528753561074e-26	5.226356201449446e-25
2.2737367544323206e-13	0.2657889027410626	1.5617184796922131e-25	0.2657889027383855	0.265788902732586	0.2657889027266576	0.2657889027217175	0.2657889027148334	0.26578890271042876	0.2657889027035968	0.26578890270075683	1.8127401934752905e-25	1.5656334470969698e-25	1.647372054105602e-25	1.7706873518144062e-25	1.9509753739005086e-25	2.342675809090401e-25	1.8835424047779881e-25	1.8502365748454193e-24
4.547473508864641e-13	0.26578890274118916	8.30390890051116e-25	0.2657889027346891	0.26578890272529737	0.2657889027136885	0.2657889027039953	0.26578890268949634	0.265788902680398	0.26578890266749006	0.26578890265939903	2.539348558379388e-24	8.596852747283052e-25	5.194714763778867e-25	6.053425677818508e-25	5.956263906745527e-25	8.12182275815664e-25	5.914968929141154e-25	9.403335107171758e-24
9.094947017729282e-13	0.265788902742414	2.850438255131389e-24	0.26578890272941513	0.2657889027106247	0.2657889026874326	0.26578890266803495	0.2657889026390182	0.2657889026208323	0.2657889025950234	0.2657889025788258	8.716685552116533e-24	2.9509955176747385e-24	1.7831618656437413e-24	2.0779269538453604e-24	2.0445747539933526e-24	2.7879345219961706e-24	2.0303996485919626e-24	3.2278323903158896e-23
1.8189894035458565e-12	0.2657889027448766	1.1466708406111556e-23	0.2657889027188355	0.2657889026813117	0.2657889026349123	0.26578890259610183	0.2657889025381024	0.26578890250172044	0.2657889024500864	0.26578890241769304	3.506537681141861e-23	1.1871228941024053e-23	7.173281904081181e-24	8.359059322211533e-24	8.224890497569555e-24	1.1215269147301214e-23	8.167867055658159e-24	1.2984884951261071e-22
3.637978807091713e-12	0.2657889027497902	4.668882534980436e-23	0.26578890269770106	0.2657889026226697	0.26578890252986154	0.26578890245224734	0.2657889023362387	0.26578890226348667	0.26578890216021794	0.2657889020954121	1.427751710247689e-22	4.83359055698697e-23	2.92073447883315e-23	3.403545699089908e-23	3.348916379155703e-23	4.5665043875217274e-23	3.3256982294831316e-23	5.287036211312495e-22
7.275957614183426e-12	0.26578890275962624	1.8615050081848545e-22	0.26578890265545857	0.2657889025053589	0.26578890231977015	0.2657889021645318	0.26578890193251725	0.26578890178701114	0.26578890158048213	0.26578890145092193	5.692511942970357e-22	1.927174856495559e-22	1.1645103125193123e-22	1.3570093736505668e-22	1.3352284117417223e-22	1.8206863684364216e-22	1.325971228342388e-22	2.107965731002067e-21
1.4551915228366852e-11	0.2657889027792827	7.463187085509575e-22	0.26578890257089666	0.26578890227074137	0.2657889018995884	0.26578890158911816	0.26578890112511183	0.2657889008340982	0.2657889004210275	0.26578890016196116	2.2822544892486445e-21	7.726472095039956e-22	4.66878052281554e-22	5.440552019905596e-22	5.353227305272396e-22	7.299536091459678e-22	5.316113200668681e-22	8.451302871138812e-21
2.9103830456733704e-11	0.26578890281858014	2.9631530081031e-21	0.26578890240172726	0.2657889018015121	0.26578890105928477	0.26578890043833325	0.2657888995103652	0.2657888989283365	0.265788898102227	0.2657888975842356	9.061369060684767e-21	3.0676866020006655e-21	1.853673355879582e-21	2.1600943268359042e-21	2.125423282430548e-21	2.8981776926322868e-21	2.110687651467603e-21	3.3554704227670345e-20
5.820766091346741e-11	0.26578890289714546	1.1957185682692223e-20	0.265788902063144	0.26578890086292367	0.2657888993788052	0.2657888981368909	0.26578889628120567	0.2657888951171632	0.26578889346501566	0.26578889242967785	3.656526412969836e-20	1.237900918923824e-20	7.480112046424628e-21	8.716609937953065e-21	8.576702172598392e-21	1.1694991354639755e-20	8.517239608534438e-21	1.3540300749940709e-19
1.1641532182693481e-10	0.2657889030540384	4.7964903115358784e-20	0.2657889013848971	0.265788898985404	0.2657888960185223	0.26578889353458307	0.2657888898242207	0.2657888874962396	0.26578888419223184	0.26578888212400525	1.466774371420213e-19	4.965700058379219e-20	3.000562666833208e-20	3.4965698640397573e-20	3.440447440349088e-20	4.691314011057144e-20	3.416594702756766e-20	5.431539083346429e-19
2.3283064365386963e-10	0.2657889038638238	1.594324411622546e-19	0.26578890112211206	0.2657888951881684	0.26578888912542464	0.2657888840658442	0.26578887702523113	0.26578887251313327	0.26578886552535586	0.26578886262720786	1.8505870167820603e-19	1.598321116653111e-19	1.6817662818480346e-19	1.807656185835338e-19	1.991708304365476e-19	2.3915867549230254e-19	1.922867453585884e-19	1.888866256570377e-18
4.656612873077393e-10	0.2657889049765575	6.38807517309619e-19	0.2657888994925671	0.26578888763721104	0.2657888755261128	0.26578886540632535	0.26578885133734775	0.26578884231219135	0.26578882834773854	0.2657888225615045	7.414857911840345e-19	6.404089010677688e-19	6.738433755204376e-19	7.242844378501749e-19	7.980297032658625e-19	9.582513986523872e-19	7.704468269983913e-19	7.568233636099455e-18
9.313225746154785e-10	0.2657889071686815	2.5638724442346216e-18	0.265788896198413	0.265788872537777	0.26578884837313826	0.2657888281310479	0.2657888000421042	0.2657887819879126	0.2657887541033907	0.2657887425710187	2.9759746657565284e-18	2.5702996442579676e-18	2.704489874356835e-18	2.9069365367095126e-18	3.2029152920759902e-18	3.84596969992035e-18	3.0922106205142966e-18	3.037532456231284e-17
1.862645149230957e-09	0.2657889114197888	1.0336974304212149e-17	0.26578888947014956	0.26578884234864375	0.26578879424968715	0.2657887537551465	0.26578869777366243	0.26578866164931564	0.2657886060577223	0.26578858315271675	1.1998480548081612e-17	1.0362887372406602e-17	1.090391310226596e-17	1.1720133874644473e-17	1.2913455639030945e-17	1.550611070853138e-17	1.2467118557066202e-17	1.224666812847108e-16
3.725290298461914e-09	0.2657889193914365	4.2261966684012244e-17	0.2657888754560503	0.2657887820078454	0.2657886867320286	0.265788605699241	0.2657884945243978	0.2657884222088032	0.2657883117343763	0.265788266558098	4.9054913967926554e-17	4.2367910376284796e-17	4.457985467425909e-17	4.791691386332985e-17	5.279572299699081e-17	6.339560444641237e-17	5.0970906340520355e-17	5.006961081684184e-16
7.450580596923828e-09	0.26578894145474663	1.414868799893927e-16	0.26578885945809333	0.26578866674404883	0.2657884450111335	0.26578830119612584	0.26578809623823424	0.26578794638703296	0.26578773781678255	0.26578764773166996	1.7791553792672356e-16	1.5089989652170203e-16	7.484320580569863e-16	1.76560426138424e-16	1.546571917695911e-16	1.836298734843855e-16	1.800116032922405e-16	1.4498143539144349e-15
1.4901161193847656e-08	0.26578894321836916	2.5103115212271028e-15	0.2657887635310586	0.2657883951521923	0.26578807200450555	0.26578770860931644	0.26578736507888995	0.2657870041976539	0.2657866556344284	0.26578626697388036	2.8590335629696345e-15	2.2966007309100344e-15	2.030328182398726e-15	1.919077323089207e-15	1.919077323089207e-15	2.0303281823987264e-15	2.296600730910034e-15	2.8590335629696345e-15
2.9802322387695312e-08	0.2657890374234491	2.3871819969179247e-15	0.26578872457470776	0.26578796482218436	0.265787177686154	0.2657865980578038	0.26578574403422933	0.265785230233043	0.26578460768151907	0.26578378113700735	4.318744085535698e-15	2.060652077479046e-15	2.05962508613577e-15	2.2069683667388805e-15	2.481259976518373e-15	1.4522850344670967e-15	7.148849406087645e-15	2.2822092541866375e-14
5.960464477539063e-08	0.2657891462738401	1.3813570183011086e-14	0.26578849980839253	0.2657870191778885	0.26578560647093935	0.2657844484938848	0.265782912260734	0.26578190807659874	0.26578101037097857	0.2657792951035729	2.4990668748773615e-14	1.1924085441233582e-14	1.1918142694926504e-14	1.2770753325466202e-14	1.435795799071221e-14	8.403733471201105e-15	4.136724100896517e-14	1.3206139182402724e-13
1.1920928955078125e-07	0.2657892519005881	3.053674701256329e-14	0.26578798073621396	0.2657851935133318	0.2657827556250762	0.26578022637080645	0.2657777967230759	0.2657754878729662	0.26577325948117764	0.26577123579793327	4.782940921664182e-14	1.9368934310871178e-14	1.8167760090041965e-14	1.9368934310871197e-14	1.93689343108712e-14	1.8167760090041974e-14	1.9368934310871213e-14	4.782940921664114e-14
2.384185791015625e-07	0.26578959807435865	6.640386627956468e-14	0.265787474039421	0.26578164029849816	0.2657770012391727	0.2657722291729413	0.26576767902721454	0.2657632380272528	0.26575882803161743	0.26575435027156674	1.8402526710137077e-13	3.120151587530216e-14	3.35213311820146e-14	2.8445546018809576e-14	2.844554601880913e-14	3.352133118201576e-14	3.1201515875301987e-14	1.8402526710127894e-13
4.76837158203125e-07	0.2657890345166439	1.8460309902210537e-13	0.2657838682445844	0.26577538744953416	0.2657660208516152	0.26575629085681657	0.2657465901688477	0.2657368318393272	0.26572687016057533	0.26571680859586466	2.8914203474770886e-13	1.1709057605485482e-13	1.0982914498168551e-13	1.1709057605485492e-13	1.1709057605485462e-13	1.0982914498168533e-13	1.170905760548548e-13	2.8914203474770326e-13
9.5367431640625e-07	0.26527929831095726	3.215236729310119e-07	0.26515354536550956	0.26566021114791516	0.2660089202070334	0.26631171860559394	0.2665858838773752	0.26660824489007795	0.2670115500630984	0.26739561386988536	3.6618840507479466e-07	2.9415134178139246e-07	2.600468383864484e-07	2.457976965570541e-07	2.457976965570541e-07	2.600468383864485e-07	2.9415134178139257e-07	3.6618840507479477e-07
1.9073486328125e-06	0.2662113224575103	1.2736743929467627e-06	0.26459529040180424	0.26649552996926507	0.2655417759977674	0.2666420758917942	0.26682065169314245	0.2677598021463159	0.26698581249471487	0.26756229658380154	1.108019340895371e-06	9.71015403844937e-07	1.0084220967699441e-06	1.1080193408953692e-06	7.27980262210516e-07	8.190964358379078e-07	8.455544633750676e-07	1.008422096769944e-06
3.814697265625e-06	0.2651840491958411	9.804402392637152e-07	0.26698570674239697	0.2660798486052005	0.26621011350921026	0.2689962798950916	0.2679172968174082	0.269928863979513	0.2693251855015484	0.2704603319813099	6.610430820612372e-07	5.672918760456203e-07	3.5141941999759275e-07	3.859268860588704e-07	3.098603938774395e-07	4.7021941173315134e-07	3.352131317388565e-07	3.674657507877258e-07
7.62939453125e-06	0.26783511381773667	4.618201549283179e-06	0.2681358401639929	0.26774729167172207	0.2679703720966396	0.26752204808105584	0.26739392589802063	0.2678496155671853	0.26825502462786927	0.2678067924354077	4.691506335779738e-06	4.691506335779738e-06	4.691506335779738e-06	4.691506335779738e-06	4.691506335779738e-06	4.691506335779738e-06	4.691506335779738e-06	4.691506335779738e-06
1.52587890625e-05	0.2667212682795806	7.060772288925319e-06	0.26905190697742454	0.27023497044684947	0.2668274349679651	0.2701487911022044	0.26725232434627033	0.2686039022754673	0.26803160819048527	0.269878286083935	5.397803367667131e-06	8.041625425300006e-06	6.459666325240993e-06	5.710719504923196e-06	8.041625425300014e-06	5.397803367667131e-06	5.7107195049231954e-06	6.459666325240993e-06
3.0517578125e-05	0.2809019849100741	9.506980489840594e-06	0.26415257048990043	0.27471672621667387	0.27334164384955084	0.26648876914140196	0.2768041936212545	0.26945664559426274	0.2691829284681985	0.2533688052261033	2.037739086539425e-05	4.198235811698445e-05	5.9204949582310266e-06	1.1288090411940087e-05	1.7343489583676242e-05	6.948117810882857e-06	5.524545913643858e-06	7.083580948390734e-05
6.103515625e-05	0.25386293074584376	0.0004204732857489011	0.25029931977073766	0.26514140398684644	0.275507111438728	0.28657574729841606	0.29769615172361985	0.29786553655459314	0.3055209045104418	0.3190783040548991	0.00047888368679461363	0.00038467705988419785	0.0003400768210570446	0.0003214424746977545	0.0003214424746977545	0.00034007682105704465	0.00038467705988419796	0.00047888368679461374
0.0001220703125	0.3666038997319117	0.00034520348356333297	0.2781960081801988	0.28704793301573145	0.32344670731378267	0.35637665730291174	0.36060789354485	0.32228596393026554	0.31717659804696613	0.2596366160921755	0.0003967667374907022	0.0003695908422175919	0.00030337044609126036	0.00048110610345549983	0.00040131885650174855	0.0002818476844198565	0.00026232268879197853	0.000350509641604969
0.000244140625	0.28621829961968337	0.0005727122156795388	0.3119285042367164	0.29382481332291793	0.3261345025027861	0.3285715113997546	0.36646610051540157	0.3445668841303801	0.38045938336965307	0.3943843343044041	0.0006514068786530626	0.0005322705858605503	0.0005991322942520162	0.0006332223297206499	0.0005368717483762565	0.000698573479404384	0.0005972621975296399	0.0006510090866027966
0.00048828125	0.2698302416536471	0.002273079733697782	0.30688373102391636	0.32398896817353057	0.26186557434011204	0.32166908441290215	0.2895726314343762	0.3222730244039622	0.29100944497722997	0.3287426473595986	0.001737718898083497	0.0025888465216345976	0.002079565238690087	0.0018384562255086276	0.002588846521634598	0.001737718898083497	0.0018384562255086272	0.0020795652386900866
0.0009765625	0.28351784581822953	0.0010787531847418713	0.30476832793284026	0.33801248870822154	0.31256359517229104	0.32676160235090596	0.2743606008702999	0.3137047745514875	0.2963568549836937	0.3255214363193815	0.0008246828158747468	0.0012286090930378882	0.0009869155009648615	0.0008724905153457466	0.0012286090930378893	0.0008246828158747468	0.0008724905153457468	0.0009869155009648608
0.001953125	0.2967668545193157	0.0002895765275027905	0.29733140463232544	0.2956355078070324	0.29524710388641723	0.29466988426401397	0.29996761614953266	0.3003844340338913	0.29453754056038356	0.2963613448209293	0.00029417298032029514	0.00029417298032029514	0.00029417298032029514	0.00029417298032029514	0.00029417298032029514	0.00029417298032029514	0.00029417298032029514	0.00029417298032029514
0.00390625	0.2975683011816355	0.0019115085457672252	0.319297853177818	0.36755800561827257	0.3018904809657574	0.3363875950896736	0.32259389490478296	0.3433498334132782	0.3155421465970507	0.34575593064080856	0.0014613057670547357	0.00217704736724481	0.0017487757540163222	0.0015460191448550102	0.0021770473672448084	0.0014613057670547357	0.00154601914485501	0.0017487757540163224
0.0078125	0.33104050909148197	0.0014601119517764353	0.32606208985481017	0.3302840729968973	0.3310164322697825	0.33658303266694767	0.33856455852490736	0.32963704726666004	0.3332519141741608	0.32292492497768954	0.0014832883319633628	0.0014832883319633628	0.0014832883319633628	0.0014832883319633628	0.0014832883319633628	0.0014832883319633628	0.0014832883319633628	0.0014832883319633628
0.015625	0.3240912904092939	0.0016065462588862101	0.33237987461542406	0.32374597822961754	0.32397493442774766	0.32062188207777104	0.326357185066112	0.3199879050514496	0.31583169670691297	0.32983086709931647	0.0016320469931542453	0.0016320469931542453	0.0016320469931542453	0.0016320469931542453	0.0016320469931542453	0.0016320469931542453	0.0016320469931542453	0.0016320469931542453
0.03125	0.3002409773621614	0.0025183944883983376	0.30367923001477176	0.32783528337033974	0.31164383766703563	0.3353445531953303	0.35564638791599534	0.35697313369842504	0.376422443276567	0.35436712688650024	0.002868239382341266	0.0023039955694216727	0.002036865648329305	0.001925256571708521	0.001925256571708521	0.002036865648329305	0.0023039955694216727	0.002868239382341266
0.0625	0.35689480063049767	0.003584935778517415	0.3625504681979013	0.35792129118364446	0.3519206836143389	0.3474990914405222	0.3556616219665968	0.3669660225650522	0.34618165035552523	0.3664575757204004	0.0036418395210335644	0.0036418395210335644	0.0036418395210335644	0.0036418395210335644	0.0036418395210335644	0.0036418395210335644	0.0036418395210335644	0.0036418395210335644
0.125	0.37574744792337766	0.0032971988541628436	0.3751440043316282	0.3753821734195201	0.38884416150384676	0.37086414139798646	0.36239303326428873	0.38240640309169	0.3754962023163516	0.3754494640617096	0.0033495353439114603	0.0033495353439114603	0.0033495353439114603	0.0033495353439114603	0.0033495353439114603	0.0033495353439114603	0.0033495353439114603	0.0033495353439114603
0.25	0.1845024988824723	0.02499156890434071	0.12032364301314936	0.3264369643394026	0.39951397525501753	0.4888573667848737	0.5808588128662292	0.6039333346228506	0.7497919342792616	0.7467143905972339	0.028463293772340633	0.022863957292535923	0.020213063693401322	0.01910549855951632	0.019105498559516317	0.020213063693401322	0.02286395729253592	0.028463293772340633
0.5	0.8597728049531838	0.15619198469792703	-0.041789060593743516	0.6678549566732686	0.5544244846964631	1.1577382187919247	1.5020980792560823	2.1413380636827926	2.645560216606294	2.3718711023786954	0.4328553940231288	0.07339070694512462	0.07884726508231027	0.06690824702567855	0.06690824702568028	0.07884726508230369	0.07339070694512108	0.43285539402325207
