h	mu	var	mu_cv1	mu_cv2	mu_cv3	mu_cv4	mu_cv5	mu_cv6	mu_cv7	mu_cv8	var_cv1	var_cv2	var_cv3	var_cv4	var_cv5	var_cv6	var_cv7	var_cv8
1.7763568394002505e-15	0.3317278523961275	2.771936611668379e-18	0.33172787052241454	0.3317278703711676	0.3317278751799048	0.3317278764854432	0.3317278782760371	0.33172788106797885	0.3317278821359337	0.33172788249479546	6.800498066580213e-19	2.511716309311704e-18	2.2061630610582316e-19	7.796625051047759e-20	2.632231714799064e-19	3.3231770525328215e-20	1.194860628222684e-19	2.7105265489584312e-18
3.552713678800501e-15	0.3317278620711522	4.017722670637693e-18	0.331727872999142	0.3317278792469017	0.3317278745884573	0.3317278817863183	0.3317278832545792	0.33172789176829903	0.33172789185854834	0.33172789652704576	1.2325753175310886e-18	8.206172711316895e-19	6.850707173537704e-19	5.903484105170728e-19	2.609548266307203e-19	6.273950208051451e-19	4.425230447749507e-19	1.9936383267588637e-18
7.105427357601002e-15	0.33172788027240024	2.6965204633016292e-19	0.3317278764014916	0.33172787881203747	0.3317278877795093	0.3317278916307371	0.3317279029245128	0.331727908770443	0.33172791653447103	0.3317279178192789	8.997363039323928e-20	8.445414522607858e-20	2.5812506040086475e-20	1.4205940980277274e-20	3.799658643437464e-20	1.04894206572929e-20	3.992770360265528e-20	2.3570719141765676e-19
1.4210854715202004e-14	0.3317278690633495	2.5102493280783815e-18	0.3317278773266206	0.33172789170742206	0.33172790437848565	0.3317279177478058	0.3317279296663648	0.3317279448827014	0.3317279584690078	0.3317279762182288	7.3762144711466e-19	8.400567721411191e-19	2.2196351821525076e-19	4.3186927123475463e-20	1.557864451364775e-18	2.1260311812007288e-20	8.580470332554771e-20	1.9448874832281303e-18
2.842170943040401e-14	0.3317278171033342	1.9213448465715265e-17	0.3317278820437184	0.3317279132247225	0.3317279402071217	0.3317279668264172	0.3317279941015732	0.3317280205199047	0.3317280498393498	0.3317280751485212	3.8265281308827796e-19	2.585162450492244e-19	1.6304585005506133e-19	2.8680273788332655e-20	9.764933260833293e-19	1.5037180963393644e-20	1.6304589095510502e-19	3.934720455913072e-19
5.684341886080802e-14	0.3317278855454785	9.181643486642574e-19	0.33172789919580814	0.3317279530503985	0.33172800863092633	0.3317280639386568	0.33172811684860004	0.3317281739945209	0.3317282262230854	0.33172827849671366	1.378237678922476e-19	1.4177068948489198e-19	6.18095329147548e-20	1.2762596868617316e-20	2.331072312963694e-19	7.040304298639652e-21	5.003581041246139e-20	2.422118428283961e-19
1.1368683772161603e-13	0.3317279251195153	2.6082355998286337e-17	0.3317279203524543	0.3317280355084166	0.33172814555688224	0.3317282547728317	0.33172836112001436	0.3317284723110327	0.3317285797932305	0.3317286718684828	1.0443612646879722e-16	4.648827435449984e-17	2.5930888268589045e-17	5.365037385578459e-18	8.685855443860774e-18	4.072306783925243e-18	8.309889020019951e-18	9.533934089903413e-17
2.2737367544323206e-13	0.3317278667029178	2.7342746904727825e-17	0.33172798017322025	0.331728203654349	0.3317284151747242	0.3317286333617953	0.33172885473837055	0.33172906832832355	0.33172928598609763	0.3317295014295379	4.910744529985993e-18	1.4578122341509657e-17	1.1802668893849084e-18	7.249664016018794e-19	1.4558234904595654e-18	2.262932190677878e-19	6.843994658461368e-19	1.846877926890343e-17
4.547473508864641e-13	0.33172789768283717	1.044515073375148e-17	0.33172809107381035	0.3317285249545356	0.3317289588923199	0.3317293983604268	0.3317298337823922	0.3317302704486697	0.33173070745797056	0.331731141488555	3.329633883616533e-18	3.895192034962882e-18	2.7319873216574455e-18	1.4218633466760698e-18	1.3348137589037007e-18	9.149854907674188e-19	9.97186902539157e-19	2.9803009772429993e-18
9.094947017729282e-13	0.3317315287148741	2.2477776128268448e-14	0.3317282370524989	0.33172871171878404	0.33172953813047446	0.33173084486003745	0.33173046134017353	0.33173135756034505	0.3317321325252987	0.3317330373413273	4.78413137967194e-14	1.123804873374963e-13	8.981406609281202e-14	4.845674586925905e-14	1.8253867936534208e-15	1.1863917593555605e-14	6.933752069775944e-16	1.671018099133542e-15
1.8189894035458565e-12	0.33170280842610156	2.738207231011969e-13	0.3317275069133012	0.33173057099406633	0.331731488239987	0.3317326719155108	0.33174888029243854	0.3317507120140762	0.3317524722650467	0.3317542057169928	4.075446450806099e-13	1.6815465229634583e-13	1.2072070682508903e-13	7.58828194090787e-14	1.9568590258153293e-14	4.5611922933978024e-14	1.3712600773062293e-14	2.613189543429851e-14
3.637978807091713e-12	0.33171098276216404	9.22679576374003e-12	0.33173570180908757	0.3317281320659798	0.3317532479612799	0.3317599142829127	0.33175183013313986	0.33172631034893013	0.33173002681995073	0.33176455045871145	8.201759115125625e-11	1.3227117616611511e-11	1.2751745484286947e-11	6.587621501133989e-11	1.0896342302241533e-11	5.055359407216778e-12	8.138599519984756e-12	6.228682600562333e-11
7.275957614183426e-12	0.3315548181705041	8.22711157554533e-11	0.3317340708128478	0.33175083908354813	0.33176004559875216	0.33172984166262226	0.33177999933666247	0.3317631511487287	0.3317701817353042	0.3317682417965512	1.355099922849548e-11	4.4794666988818136e-12	3.0656289992561776e-12	2.4179991037709463e-12	4.628137372350069e-13	1.7381082481804706e-12	3.930811910820435e-13	9.70547522505666e-13
1.4551915228366852e-11	0.33181572624833655	8.355830424427399e-12	0.33173136916927903	0.3317274992831321	0.33175022442264	0.3317726863664664	0.331772085093522	0.3317830379487266	0.33177532314126257	0.33176507973504105	1.8074463683482508e-12	8.150261636787682e-13	1.2726473725629744e-12	5.099379574922606e-14	1.488233601402737e-12	3.2262105770487873e-14	1.9453727640178272e-13	1.9844849190271684e-12
2.9103830456733704e-11	0.3317442777851165	1.0073900492488637e-10	0.33175517592749176	0.33176586988130624	0.33178044108162524	0.33178142873731664	0.3317912439876067	0.3317804381501499	0.33179508041356737	0.33180977728438	1.4899442803581372e-11	1.5760084292746827e-11	2.8204041665347356e-11	1.6237902477812817e-11	5.5189942754625e-12	3.1841262703727754e-12	1.76557412131282e-12	2.0023846255669542e-11
5.820766091346741e-11	0.331723701003453	2.1936585772820558e-12	0.3317765696329694	0.3317694678651633	0.3317835745429567	0.3317969243332204	0.3318107843126477	0.3318418629696109	0.33184294585211704	0.3318646419557372	1.8698648122587422e-13	8.899925732422379e-14	7.954288042541933e-14	7.19509291378764e-14	2.276584473839694e-14	7.216376890358985e-14	2.9936194223367455e-14	7.655390789501341e-14
1.1641532182693481e-10	0.3317509900918639	1.5641604483613327e-08	0.33171860905333755	0.33181730337383425	0.33188207515675494	0.3317588997329199	0.3316819200378096	0.33165673223475295	0.3315076055015872	0.33154481861391993	1.4586873339481216e-08	1.0079775497298216e-08	1.3091465511931087e-08	1.1765709332304641e-08	9.467374141383293e-09	7.434346136060708e-09	4.0322489912163396e-09	7.635052309120171e-09
2.3283064365386963e-10	0.3303841883714757	7.48768122161731e-09	0.33188291968630906	0.33178747721062285	0.33184634194916734	0.3315292904122358	0.33186720662076447	0.33150006794633385	0.33166053301753995	0.33180739345891697	5.726039699566839e-09	6.1719445452746814e-09	1.3366812735190727e-09	2.3043449035288962e-10	3.168585604573111e-08	1.0205330017931246e-10	3.776068420177887e-10	1.6673429613846406e-08
4.656612873077393e-10	0.3327575283198097	4.8407627845078607e-08	0.3315728925172006	0.3316530229209335	0.3316173774037144	0.3316640456819596	0.3317970839811202	0.331767988443037	0.33174518768679667	0.3314038511613972	1.1794219315762468e-08	1.1523867468642971e-08	1.129326630783748e-08	6.768112489112432e-09	1.870541383839885e-09	3.3116429386955285e-09	8.915309908311112e-10	4.06453581953692e-09
9.313225746154785e-10	0.33145106977148614	3.405271106026036e-08	0.33179019839973195	0.33158383302244215	0.3319055587429643	0.3315726692901213	0.3317343944693457	0.33147660066462686	0.33174304104857033	0.33163293055877624	3.115369643850508e-08	2.7541673700822366e-08	3.8783173351218945e-08	3.878317381541799e-08	2.7541673600494546e-08	3.1153695967986904e-08	2.603253104845132e-08	2.603253155626202e-08
1.862645149230957e-09	0.3328962306541261	4.112932306450984e-09	0.331511147487718	0.331768836518902	0.3317612186300389	0.3317251201080236	0.3314964588861923	0.33189911225744234	0.3317710806313159	0.3320073015848929	2.4643502307098464e-09	4.265276513270219e-09	1.37934889868107e-09	1.7640024149326394e-10	1.5720628478695758e-09	1.3167189588430417e-10	5.966245850718935e-10	5.294775105696467e-08
3.725290298461914e-09	0.33163180399913866	1.2468772379603997e-11	0.33172897473575685	0.33188602319393024	0.33164115535479954	0.33186816639802647	0.331655988726395	0.33182990639704424	0.33170690413330867	0.3319526055992732	2.1093680195036377e-12	4.029878374893835e-11	6.243320600629703e-13	9.138667810122385e-13	7.53334938137598e-12	2.5572512729641915e-13	6.520505095095174e-13	1.0218570059362217e-10
7.450580596923828e-09	0.3315869847733536	1.956880602558964e-09	0.331715239530182	0.3316911639544478	0.3316324781043617	0.3315834823824878	0.33155065391111527	0.3317017212384471	0.3316158055272468	0.3317117334711071	1.0129361518049232e-08	3.2803302747091448e-09	2.7452817429431117e-09	2.4623927404041625e-09	2.462231475397195e-09	2.7448818008354515e-09	3.279891318010013e-09	1.0128692652020524e-08
1.4901161193847656e-08	0.33181126847625125	5.543621029760357e-09	0.3317945902514979	0.3317785010599822	0.3317682191195231	0.3317494311224002	0.33175757274186773	0.331759487022379	0.33180079247723293	0.33173489843778486	7.521093483385313e-09	7.999134450419993e-09	8.087562702783159e-09	8.093211018112707e-09	7.57706840816281e-09	7.509822681781167e-09	7.285216182139002e-09	7.703903154554986e-09
2.9802322387695312e-08	0.3313071166196965	4.84561283638307e-08	0.3317684239698165	0.33181631956775265	0.33189836028083675	0.33183406326745557	0.33175344675935664	0.33174433454361635	0.3317031462995409	0.3317035352099662	5.741802992844584e-09	5.243216943397898e-09	2.0726641923188023e-09	2.289604758222963e-09	8.983344885682873e-10	1.875699819668553e-09	9.689719067322718e-10	3.0993073090402334e-09
5.960464477539063e-08	0.3317992984903373	2.3511367088038694e-08	0.33164311094246224	0.3316354219685635	0.33169678831302474	0.3317387350437439	0.3317558692590048	0.33175629637000587	0.33166779432011445	0.3317243677809833	9.91898091366664e-09	6.700359709008799e-09	1.514049548588267e-08	1.2580376137042236e-08	8.725584969287874e-09	7.674081746998476e-09	8.13197567033474e-09	6.870023533780294e-09
1.1920928955078125e-07	0.3325620198799254	1.6440237942009865e-08	0.33163171815914066	0.33157118170425287	0.33147879719906126	0.33169780765233337	0.3314550299617276	0.3316346654611915	0.3317580441959554	0.33189769144970477	2.3085149447525914e-09	1.1053750862769657e-09	8.548861082521333e-10	8.766449719756808e-10	2.119095622355097e-10	8.149363133381249e-10	2.3721616729635064e-10	6.203110435535822e-10
2.384185791015625e-07	0.332255962383534	5.211075893363952e-09	0.3315831496769329	0.3318087338137598	0.33171283126607914	0.3317998210845041	0.3317477116712765	0.33193024636556095	0.3318438123607604	0.3318093559788813	5.587255352858303e-10	5.321246448307781e-11	1.7251718929764224e-08	7.77602362074197e-09	6.931847674837844e-11	3.195182524033356e-10	2.528877168044725e-11	2.3509712007487597e-11
4.76837158203125e-07	0.3318918938012253	3.2160669569821276e-09	0.33181871685213976	0.33179248388466703	0.3315088840656628	0.33153477222220773	0.3317999979494112	0.33177420763653676	0.3318006719500029	0.331693779754451	3.915075841378121e-09	3.041724352745653e-09	4.225782757384468e-08	4.859169122400054e-08	1.853207103271198e-09	5.095197069036784e-09	3.0841896965417156e-09	6.044302542286378e-09
9.5367431640625e-07	0.3301369737980313	1.77872740677839e-08	0.3315630770782138	0.3314667946937024	0.3318384935364148	0.3315881178619278	0.3318404610677648	0.33181358879843403	0.3315980111981606	0.3315881667982453	1.5149644780925246e-09	7.588811527256298e-10	5.83344582526338e-10	6.209142516885714e-10	1.6625311225767866e-10	6.108392377377357e-10	2.2294366940010093e-10	5.988998322716918e-10
1.9073486328125e-06	0.3327075423442925	7.654828859808176e-10	0.33148064871340754	0.3317794145022191	0.33163980128466974	0.3318207669602867	0.331838516901214	0.33172964035308095	0.33157086249713363	0.331751127877862	1.4203112557027858e-10	1.2111076265212931e-10	6.180835064628812e-11	9.877975732694816e-12	2.6802792788702656e-10	5.38849980214324e-12	3.991827234582001e-11	2.1106084459888506e-10
3.814697265625e-06	0.33146459936625866	1.693518225850937e-07	0.3315836729370559	0.331915473876556	0.33157062018938877	0.33160183454197734	0.33154785089507155	0.3317864590981481	0.33148398191856615	0.3314516475411547	6.269848367770324e-11	2.9850515416903257e-10	5.778096126454597e-10	6.170861325234908e-10	3.230795682893415e-11	1.1125675278332342e-10	4.04429242495662e-11	2.3631015777832995e-10
7.62939453125e-06	0.33244194976186736	3.9272406498537546e-07	0.3318393925769117	0.3314917341320452	0.33143767289245013	0.3312409061211575	0.3315581770239046	0.33133544055216024	0.3314389186403321	0.33144373425610113	3.978376823759862e-08	4.100427334998937e-08	1.8391874801332492e-08	2.179188198484053e-08	8.432826840900986e-09	1.7698842176681068e-08	7.91351640154704e-09	2.3188208727118042e-08
1.52587890625e-05	0.3323162738022374	1.1291294503960057e-09	0.33153341711330664	0.33175269145248176	0.3317132284568553	0.33139937575401684	0.33116311686619787	0.33093476104395136	0.33136652827255336	0.3314081759202338	1.5759016228862177e-09	8.757534708990944e-09	1.1253910263185131e-08	2.0917778797612745e-08	8.231829849152649e-10	5.322483001101532e-09	1.0750870456864524e-09	4.3784237582369775e-09
3.0517578125e-05	0.33072414437907527	2.4207455165737748e-08	0.33197124149127816	0.3314993172793249	0.3318401093525928	0.33114202589241115	0.3310034899628695	0.3307878787541918	0.3306172357630948	0.3313445626276435	3.2871735923328706e-09	2.2712644229935763e-09	1.3672272057402215e-09	2.0725139734596365e-10	1.237234925306033e-08	1.0405132041541483e-10	8.806148014836348e-10	3.5587750030069802e-09
6.103515625e-05	0.3313544853266071	8.984988519721933e-08	0.331432981578207	0.33145905699167666	0.3310248035981572	0.33079469106379256	0.33042404675942866	0.33034285191549906	0.33008957486137674	0.3304273977149124	6.558315097172684e-08	6.731633319505775e-08	3.576993123338356e-08	2.803570596359309e-08	4.134908770697677e-08	1.80336579007858e-08	3.317361921832447e-08	9.335005603087038e-08
0.0001220703125	0.3334224595415283	3.3543102129503754e-07	0.3298631592763099	0.33129361424231374	0.3308540666559469	0.3307997455852887	0.3302496853360188	0.32945790797163566	0.328639311244353	0.3294697621553792	7.120326538100643e-07	1.01298651334808e-07	4.7352478133140434e-07	5.488498686652546e-08	8.702748409521551e-08	8.334761864647962e-08	4.899008717000173e-08	4.407399451131199e-07
0.000244140625	0.332876944453182	2.0734323199365056e-08	0.32907493043945235	0.33175857935363273	0.3283768754267097	0.3321495789439849	0.3301296134758254	0.32990101256827065	0.3259603903450228	0.3303327516954903	8.361424267412785e-08	1.537217022552733e-07	3.853981284028903e-08	3.229234781154876e-08	1.5093557933228923e-07	6.332795786583611e-08	3.852171273982659e-08	3.7421218918264274e-08
