h	mu	var	mu_cv1	mu_cv2	mu_cv3	mu_cv4	mu_cv5	mu_cv6	mu_cv7	mu_cv8	var_cv1	var_cv2	var_cv3	var_cv4	var_cv5	var_cv6	var_cv7	var_cv8
1.7763568394002505e-15	0.3317278675554637	2.5266207168668994e-18	0.3317278692452529	0.3317278723732021	0.3317278746726846	0.33172787742751575	0.33172787941518567	0.3317278799783448	0.33172788066327946	0.3317278835233347	3.957421425278103e-18	1.6025921119152395e-18	1.503206633330335e-18	1.6025916236848673e-18	1.6025923145530277e-18	1.5032060965937475e-18	1.6025921475078322e-18	3.957420994094389e-18
3.552713678800501e-15	0.3317278720323869	6.836874951299962e-17	0.33172787220256056	0.3317278748646194	0.3317278758744966	0.331727885054176	0.331727879887306	0.3317278894689377	0.33172789520638424	0.33172789744913206	1.9804412332662437e-17	2.359886705849454e-17	1.1427116105351406e-17	5.152151743505584e-18	1.1861694807488173e-17	3.2441543626105934e-18	9.423992290199743e-18	3.1861936154588597e-17
7.105427357601002e-15	0.331727881399208	2.2071400247721323e-17	0.331727878093985	0.33172787804554665	0.331727887973092	0.3317278935950374	0.3317279026387302	0.331727907293445	0.33172791665424817	0.3317279169474118	3.9631903869697614e-18	4.612064356293208e-18	2.0762718196393186e-18	1.2059132737176606e-18	1.9274158712244555e-18	8.741923008776177e-19	1.848205975512151e-18	6.220281715548968e-18
1.4210854715202004e-14	0.33172787183767966	8.838526931867413e-20	0.3317278784631246	0.3317278911180073	0.33172790419500375	0.3317279179882628	0.3317279319114269	0.3317279447398374	0.3317279582777691	0.33172797920980673	2.1489045159637118e-19	1.6186570765623685e-19	9.616776018795769e-20	8.076932349657226e-20	2.7069234931656685e-19	7.850691323534223e-20	2.9761499144120195e-19	5.5238363048091716e-18
2.842170943040401e-14	0.3317278376864437	1.0637784747132559e-16	0.33172788493840366	0.3317279118990693	0.3317279384577883	0.3317279675030059	0.3317279967667604	0.3317280200182821	0.3317280486548417	0.3317280768001734	5.4455491300162865e-18	3.786890334612884e-18	2.673509104261695e-18	6.620657994200928e-19	4.9423865677497685e-18	3.7106201389199583e-19	4.116239615769107e-17	3.888485517190432e-18
5.684341886080802e-14	0.3317278701917499	3.6835830895168825e-18	0.33172789792103174	0.3317279533867555	0.33172800786332146	0.33172806434699187	0.3317281182626791	0.33172817257091436	0.3317282256401012	0.3317282819241105	3.960407259812976e-18	2.0173744861913302e-18	1.2911312976491325e-18	1.1051530181107345e-18	1.2634741140094448e-18	9.93363655944667e-19	1.446243815712241e-18	3.970688705011223e-18
1.1368683772161603e-13	0.3317278732408151	1.0880879982261585e-17	0.33172792309891536	0.33172803512517945	0.3317281423731529	0.33172825367767955	0.33172835990646254	0.3317284738493262	0.3317285805678375	0.33172868945609435	9.465700901143261e-18	8.295293473394206e-18	8.614852481630018e-18	9.465687679142366e-18	6.219064241593748e-18	6.997450996721036e-18	7.223489105519325e-18	8.614852123865068e-18
2.2737367544323206e-13	0.3317278722952748	2.4974384575715287e-18	0.33172797995849596	0.3317281985582865	0.33172841610886333	0.3317286336632894	0.3317288512120334	0.3317290697243522	0.3317292873678195	0.3317295049094866	2.844372238979251e-18	2.284823648496904e-18	2.0199165808529896e-18	1.9092356397970507e-18	1.909236255646757e-18	2.019915966680908e-18	2.2848237662078225e-18	2.844372500929267e-18
4.547473508864641e-13	0.331727869161736	1.228677397598526e-18	0.33172808826076394	0.3317285234355442	0.33172896069361396	0.3317293975414075	0.33172983304201925	0.33173027201618405	0.33173070742902805	0.33173114338587373	1.2880702204427156e-18	2.76878188837449e-18	7.396786748590334e-19	6.534332958282358e-19	1.8010523845765807e-18	7.262052071767664e-19	7.807190025691493e-19	1.185279889755807e-18
9.094947017729282e-13	0.33172780847360994	3.983435541833965e-13	0.3317282826661373	0.33172941644349924	0.33172965913999114	0.33173018139111793	0.33173110749607343	0.3317318630932882	0.3317312879039632	0.3317344949724235	1.0509715387947218e-12	2.2484103845328168e-13	3.8340464650944556e-13	3.143863524590652e-13	2.898921602816809e-13	3.330999109721596e-13	3.643269382746766e-13	2.6186545557528466e-12
1.8189894035458565e-12	0.33173927109871704	1.272501711532392e-10	0.3317315223327597	0.33173261340409826	0.3317387019793763	0.33174150914324485	0.33173998839822216	0.33174293267315824	0.3317551005575085	0.3317468151047593	7.01180949599516e-11	8.02537336777923e-11	4.5426841537500124e-11	3.867682052525401e-11	4.448429882685432e-11	3.3617169187362344e-11	5.029143166218145e-11	8.299557402408697e-11
3.637978807091713e-12	0.331743810968528	3.6349457802563313e-10	0.331745840213936	0.33174554031639675	0.33174294981895036	0.3317424511864536	0.3317419520782767	0.33174650697123614	0.3317460084944197	0.33173923863189725	3.6926434141184373e-10	3.6926434194790444e-10	3.6926434087483007e-10	3.6926402976551295e-10	3.6926434087483007e-10	3.6926402976548513e-10	3.692643414118231e-10	3.692643419479191e-10
7.275957614183426e-12	0.3317352613237442	2.161971389925349e-10	0.33174553217647057	0.3317371368209776	0.3317610319896587	0.331749163275609	0.33176452536056444	0.33174010049194647	0.33178117910303934	0.33177788090774646	2.459041330947024e-10	2.0093056686912325e-10	2.2617065536692742e-10	2.390391632018353e-10	2.0266747556032124e-10	2.6370898834253376e-10	2.2546467686184201e-10	2.4575400455596165e-10
1.4551915228366852e-11	0.33181961401715365	3.985524881700685e-12	0.3317325586242677	0.33172672713488394	0.3317500161933017	0.3317728192890934	0.33177209192511703	0.3317829857389369	0.33177504373772065	0.33176583386086883	3.363197026529547e-13	5.075072848668782e-13	2.9217242888056087e-13	7.536114409558811e-14	1.2942527548323989e-12	4.881220581031477e-14	1.6538118112802383e-13	5.032480407912871e-12
2.9103830456733704e-11	0.3317545680687669	1.2909348669719916e-10	0.33176047683954646	0.3317654267253517	0.3317713291101223	0.33177978322684987	0.3317863863536745	0.3317977831256455	0.33180504691687995	0.3318012120642884	1.4702661884641947e-10	1.181033570516618e-10	1.0441021730278177e-10	9.86890199242108e-11	9.868911504514713e-11	1.0441012251208894e-10	1.1810337506557544e-10	1.4702665968488213e-10
5.820766091346741e-11	0.331780416719932	8.086673366361927e-10	0.3317703822093708	0.33176867035605295	0.33179020925105923	0.33180736622053303	0.3318044260056791	0.33183314266274233	0.3318520574876871	0.33185559545525445	1.4731926126043042e-10	1.7134583699601509e-10	7.703645088741207e-11	4.5223608238053936e-11	7.133656044276128e-11	3.2959114655844044e-11	6.884805256908553e-11	2.3037160128064518e-10
1.1641532182693481e-10	0.33190682451656556	1.8888272523478512e-08	0.3319507176897296	0.33184310850278637	0.331770687491726	0.33171189487147723	0.3316553647204848	0.3316607170053134	0.331606019426903	0.3315230448863441	2.1512152867764353e-08	1.7280254081132672e-08	1.5276746431075968e-08	1.4439662682884706e-08	1.4439664540892598e-08	1.5276744577429457e-08	1.7280254437908667e-08	2.151215365433058e-08
2.3283064365386963e-10	0.33167593142929347	2.8392613103295172e-08	0.3316983441311753	0.3316436112900156	0.33163785833025206	0.3316516189769175	0.33172355526841474	0.3316477009717672	0.3316387275157794	0.3316603549919002	2.7561178183238904e-08	2.840344983215643e-08	2.6220965010071284e-08	2.500305380782765e-08	2.6259110926953996e-08	2.471038011033542e-08	2.7146838067642433e-08	2.8300101949138972e-08
4.656612873077393e-10	0.33337894705262405	4.872305591956716e-08	0.33167978153866257	0.3315588485006152	0.33155490637417584	0.33166179906935844	0.3317157933601038	0.33179774878382484	0.33176649368837674	0.3313600081209334	8.037902547429315e-09	5.624594171162329e-09	4.3557172313542764e-09	1.0190440786202588e-09	3.6930597024635833e-09	5.428185291858794e-10	1.6803523498459064e-09	4.376291698526162e-09
9.313225746154785e-10	0.3314510696891017	3.405274469662191e-08	0.33179019840043866	0.33158383295624005	0.33190555875970246	0.3315726692632883	0.3317343944572921	0.33147660057367345	0.3317430409742723	0.33163293087805723	3.115371937759932e-08	2.7541697559701457e-08	3.878320335991225e-08	3.878317438560459e-08	2.7541693776693062e-08	3.1153697455926676e-08	2.6032560382700154e-08	2.6032561510056918e-08
1.862645149230957e-09	0.3317153724493604	3.4097407147154635e-08	0.3317582751900373	0.33170117675939387	0.3316999823674014	0.33171443883831025	0.3317495330527237	0.3316894111688877	0.3317077658260431	0.33170311621187104	3.463784662027466e-08	3.463958496923261e-08	3.463600361708754e-08	3.460706963720164e-08	3.4636003620040265e-08	3.460705407492741e-08	3.4637830738463494e-08	3.463958462672588e-08
3.725290298461914e-09	0.3317863940741955	2.1102789175125988e-10	0.33172585810557625	0.33189100866499727	0.33162472397321724	0.33187041133280487	0.33165897988821375	0.33182673300563625	0.33171381489945206	0.33198488372020385	6.406752259086194e-11	4.799696760671711e-11	2.6192000514290257e-10	8.79995040910284e-12	1.453491425518496e-10	5.820795464506581e-12	1.9330184164471464e-11	7.192762679350086e-10
7.450580596923828e-09	0.3316317787904388	4.733277003793373e-09	0.3316335462780622	0.33161764515499526	0.3316288867537853	0.33164632224136525	0.33163687254494706	0.3316284765562983	0.33162284785637625	0.3316396325775617	4.808408508445209e-09	4.8084085172379885e-09	4.808408499636063e-09	4.808403775505288e-09	4.808408499636063e-09	4.808403775505041e-09	4.808408508444962e-09	4.808408517237801e-09
1.4901161193847656e-08	0.33176848395161107	8.082357401009287e-09	0.33176310696574696	0.33179220920997776	0.33175969713121334	0.33175916592820226	0.33175902188018663	0.3317794044118528	0.33177312247473245	0.3317621435822068	8.210648912516884e-09	8.210648919137802e-09	8.210648905885925e-09	8.210644229476651e-09	8.21064890588626e-09	8.2106442294767e-09	8.210648912516767e-09	8.210648919138136e-09
2.9802322387695312e-08	0.33177459753882926	9.412051878835e-09	0.3318464951606698	0.3317721305064941	0.3317803446096582	0.3318098856363262	0.33178115968827365	0.33175706092405016	0.331763665368873	0.3317637450317023	6.565941201539918e-09	7.360810494594423e-09	4.8185438592097605e-09	4.30856474697214e-09	4.824789193728988e-09	3.911909779739728e-09	5.408097051011851e-09	7.358403629596976e-09
5.960464477539063e-08	0.331709337176226	1.035633278530243e-08	0.33171221753802255	0.331725618254631	0.3317086106986838	0.33168867138096675	0.331728227869759	0.3317123861818713	0.33169400952223804	0.33171008655970285	1.051022944424213e-08	1.0522042248678443e-08	1.0496182789368825e-08	1.043285308026133e-08	1.0496186196223082e-08	1.0432163453487713e-08	1.0509484902356428e-08	1.0521978727200117e-08
1.1920928955078125e-07	0.3316449548365681	2.6626437251227666e-08	0.3316236996168023	0.33166541019401496	0.33165063881490675	0.3316254172567854	0.33166382323297455	0.3316763114673809	0.3316106950344276	0.33161141430771257	2.639498533464107e-08	2.6878519152695987e-08	2.5669029601732883e-08	2.4773808647738224e-08	2.5681032933634013e-08	2.463611658230583e-08	2.6216029538985673e-08	2.683607871452718e-08
2.384185791015625e-07	0.33181988145241215	1.8351249110426924e-08	0.3318586153565263	0.3318213783020066	0.3317978454962456	0.33181031488054974	0.33183014588951865	0.3318095969806415	0.33181643558553564	0.33182136212778895	1.862378445236853e-08	1.864488145463871e-08	1.8598686073072847e-08	1.8485912069206366e-08	1.859869223895179e-08	1.8484674413456685e-08	1.8622447902200133e-08	1.8644767035161986e-08
4.76837158203125e-07	0.3317286203116704	1.978848068480829e-08	0.33171658303935103	0.3317197423255408	0.3317712283185855	0.33173304147903104	0.3317134480431993	0.3317280471979821	0.3317326517818093	0.33171421821829694	2.0102590046718635e-08	2.010259228890204e-08	2.0102587787988245e-08	2.0102283952539134e-08	2.0102587787988245e-08	2.010228395191507e-08	2.010259004609354e-08	2.010259228890115e-08
9.5367431640625e-07	0.3318231062041377	2.271254853131417e-08	0.3317067706305418	0.3315338817547645	0.33172925258955444	0.3316120593640049	0.3317748004334041	0.3316113911978363	0.33175249432001713	0.33154407192042956	1.736323972396811e-08	2.586769242102728e-08	2.0778957718114867e-08	1.8369787171943556e-08	2.5867681311366265e-08	1.7363223496256043e-08	1.836980375125867e-08	2.077896285947055e-08
1.9073486328125e-06	0.3318391326803542	3.2110854766868216e-08	0.3316451300901074	0.33175296200930365	0.33162903856726456	0.3318038929316902	0.33162650063138016	0.3317681897651008	0.33176402864144555	0.3316838420011014	1.9802074766611918e-08	2.040849691934209e-08	1.9651564137084245e-08	1.751559029601642e-08	1.531569404530793e-08	1.380073702086546e-08	1.676549450763178e-08	1.957517602051951e-08
3.814697265625e-06	0.33161581541859314	3.000813367167731e-08	0.3316207071238337	0.33157127163190975	0.331618662837758	0.33162595542945167	0.3316255317615565	0.3315899421350786	0.3316348944379183	0.3316395586148445	3.048445422207241e-08	3.048445429946819e-08	3.048445414451472e-08	3.048441688094341e-08	3.048445414451589e-08	3.04844168809408e-08	3.0484454222069794e-08	3.048445429946701e-08
7.62939453125e-06	0.33150147528423046	7.717003702812784e-08	0.3314757384828456	0.33153095426060153	0.3316052949174066	0.3312867976684642	0.33152554540128215	0.3313711829376222	0.33136992234019963	0.3314107736869574	4.319317127936139e-08	4.939068550761169e-08	2.8183452224705463e-08	2.4080895584602035e-08	2.7646129409703642e-08	2.098448702533559e-08	3.1258431493425236e-08	5.093582037616621e-08
1.52587890625e-05	0.33171981355412744	1.0012478444694518e-07	0.3317829004934032	0.33155873328285307	0.33147864350043044	0.33144957273508474	0.331426937263288	0.33140430878423766	0.33117045718504684	0.33104809338769764	1.140337046752842e-07	9.160085142922757e-08	8.098046556368713e-08	7.654310022562968e-08	7.65431847106747e-08	8.09803813824916e-08	9.16008674041632e-08	1.14033741003554e-07
3.0517578125e-05	0.33078010581793005	3.830833712647383e-08	0.3319926928619763	0.3317057334792066	0.33175406412365444	0.33107479768225956	0.3308936477929549	0.33081301284667297	0.3306895521094429	0.33111347268428026	1.3726428325378067e-08	1.639260184661367e-08	7.993607453579194e-09	3.541833859341426e-09	8.390507150732324e-09	2.2072951127884523e-09	6.559569582958429e-09	2.204841905516273e-08
6.103515625e-05	0.3303461238137031	3.644083058562755e-07	0.33114952491801253	0.33175966038015436	0.33103439488880754	0.33064459541656377	0.3302673324764233	0.330567297611855	0.33022219306732453	0.33068280094415836	1.2773873281700755e-07	1.8917625792323826e-07	8.167062472416604e-08	6.74946048805993e-08	8.891130617476962e-08	5.921309779245534e-08	8.843955181147739e-08	1.8738243022467438e-07
0.0001220703125	0.3313168033319836	4.173763485940574e-07	0.3314359841804754	0.33075508101389217	0.3305882834141098	0.3300562953893911	0.329806128093632	0.3296674399078707	0.3293673988519159	0.32876016398945196	4.753565373647326e-07	3.8184378088334423e-07	3.375720405986638e-07	3.1907488007570895e-07	3.190749462736699e-07	3.375719745676243e-07	3.818437935676404e-07	4.753565654503475e-07
0.000244140625	0.33161306190739964	4.5554610144519015e-06	0.3284235865936197	0.33020898261444365	0.3279475774406658	0.3309247867403127	0.3287332379623502	0.3311648544807409	0.33012483448181623	0.3299287894740845	4.1651896310814716e-06	3.6835860854505915e-06	5.185363625161141e-06	5.176819607975805e-06	3.6820933107827575e-06	4.158411780945109e-06	3.4807020028576728e-06	3.4811554944922705e-06
0.00048828125	0.33615051207136515	5.57491608291063e-06	0.32180161911043453	0.3321929024874844	0.31926564383997086	0.33178960146651876	0.3233101416342063	0.3297625532979117	0.32435408319863585	0.3237532616756185	8.875275303360508e-07	8.461645082643446e-07	7.628616793612205e-07	2.366709169670796e-07	8.408919168536463e-07	1.302221051769953e-07	3.5612346951715393e-07	9.77999673703182e-07
0.0009765625	0.32292919407238246	3.260494801834003e-05	0.3256716388579882	0.3254943765867763	0.3187886076514647	0.3312435950561736	0.3163694327043101	0.32487915211322543	0.31736645446185174	0.32521208523153966	1.6020262930890204e-05	1.8436452828105644e-05	9.892600247419165e-06	8.197880079732257e-06	9.56308379236593e-06	7.0003286030987075e-06	1.0779005693341612e-05	1.9495838990561685e-05
0.001953125	0.3181510915415215	0.00019912130380095094	0.33722838183181836	0.31255179691688156	0.32599880441122103	0.31289023290955675	0.3188840591593979	0.3039627606652938	0.30169537592076767	0.3069576595419723	0.00017179455982338715	0.0001518070408322611	0.00015612880289322625	0.00016896661741352202	0.00011272311495074372	0.00012495611460796164	0.00013123814355073054	0.00015712051921904296
0.00390625	0.3109314891857873	0.00021071757421501958	0.32559089365626553	0.3284993204196408	0.34613298935178005	0.31290530280816864	0.3178822322978802	0.3285178332950617	0.3407894815005422	0.2627517325358071	0.00014860648878260024	0.0005520230542532938	3.608266577099967e-05	1.967300214466867e-05	0.0001985283779036023	1.278640948073767e-05	4.7266211034565986e-05	0.0013679998094610437
0.0078125	0.3218866525821418	0.0005977458674550041	0.3228435248725509	0.3195892208208822	0.32110074098660646	0.32520789058745886	0.32604401027677865	0.3217523491416327	0.31584449479341353	0.32003793533307145	0.0006057704814144588	0.0006072513782067974	0.0006039146572294704	0.0005979619265009045	0.0006039162500654793	0.0005978219600928736	0.0006056148154256729	0.000607232853815773
0.015625	0.30772405153003635	0.00014429427682572553	0.3064747171731294	0.3081501493949391	0.3091875954091083	0.3082776756520251	0.3043096374970072	0.30898697856208157	0.30862887261297356	0.30765592020276916	0.00014656610346064003	0.0001465940344407538	0.0001465354489563056	0.00014624759236250774	0.00014653544937259276	0.00014624704141340012	0.00014656553226999075	0.00014659401214812403
0.03125	0.32849790461954975	0.0012026913589505766	0.3258204861467827	0.3281494619184086	0.33170472241304305	0.3261592982535027	0.33746855400406606	0.3308751052397603	0.3230881823088443	0.3247174243310416	0.00122178173092059	0.001221781733324944	0.0012217817285116973	0.0012217804680171938	0.0012217817285116973	0.0012217804680171352	0.001221781730920567	0.001221781733324944
0.0625	0.3462422377062633	0.009762515864939628	0.35033343205012085	0.34689741660771234	0.3318412627166293	0.3804518347866714	0.355977060440349	0.3320564085163879	0.3502229664375542	0.36689915509984916	0.00963199916040994	0.009836669561921118	0.009319852108200627	0.008965596084514752	0.009325979458271186	0.008903598497121837	0.009549701303447372	0.009816668544638914
0.125	0.4057108755366578	0.008438028359056523	0.39885448335238993	0.3327438170657264	0.3760435049593481	0.2894486627577866	0.27211479787773596	0.2772398112355161	0.24421711526835901	0.41529176208825686	0.0008677558068624822	0.0011523159848728995	0.00041314479899569047	0.0002915436277367073	0.00043023868615367245	0.0002739429878168348	0.0007756421116725526	0.003157023411582652
0.25	0.4594664019816118	0.17255114698764698	0.4772174519561061	0.4880113115581854	0.47990413400128595	0.48225872931165154	0.5025921110046301	0.4262507280044761	0.33249099548329764	0.487006238665748	0.1752900605515902	0.1752900611138241	0.17529005998808028	0.1752898096363646	0.17529005998808694	0.17528980963634297	0.17529006055156857	0.17529006111381748
0.5	-10.763961153389594	0.0003122003833326235	0.748056380354509	0.2499069062809114	1.181875745632435	0.27523407667795124	0.8197677256027065	3.433127208072187	5.9144265613777645	7.26052450879589	0.00038054135692925663	0.0003380123113807127	0.00010607415744488542	1.8825222845339648e-05	0.0024132855333958425	8.679713337105572e-06	4.373728996396442e-05	0.0006856418609458948
