h	mu	var	mu_cv1	mu_cv2	mu_cv3	mu_cv4	mu_cv5	mu_cv6	mu_cv7	mu_cv8	var_cv1	var_cv2	var_cv3	var_cv4	var_cv5	var_cv6	var_cv7	var_cv8
1.7763568394002505e-15	0.33172786755546424	2.5266518492981225e-18	0.3317278692452585	0.331727872373202	0.33172787467268233	0.331727877427514	0.33172787941518395	0.33172787997834513	0.33172788066327713	0.3317278835233318	3.957470700060136e-18	1.6026120989990482e-18	1.50322537486435e-18	1.602610895601295e-18	1.60261245504445e-18	1.50322416725729e-18	1.6026121172854672e-18	3.95746969893999e-18
3.552713678800501e-15	0.3317278706996748	1.9408602918623328e-17	0.3317278694680347	0.33172787560747	0.33172787894371	0.33172788481802434	0.33172788301021816	0.3317278891691978	0.33172789293378674	0.33172789557082727	1.3139261835188194e-17	1.30449974319699e-17	8.790512105904342e-18	8.387555682667392e-18	8.710971281505437e-18	7.608017415346134e-18	9.478856705820033e-18	1.555341924774948e-17
7.105427357601002e-15	0.33172787046514784	4.20462683350234e-18	0.33172787208721954	0.33172788031474326	0.33172788870245956	0.33172789368434236	0.331727904390034	0.33172790695006776	0.33172791575973115	0.3317279181469817	4.813382935320124e-18	4.198643786180176e-18	3.5180822912559204e-18	3.3469470764705623e-18	5.208488120940536e-18	3.3875120139514783e-18	5.0372494243347586e-18	1.1166556272267555e-17
1.4210854715202004e-14	0.3317278715621588	1.5486044733180334e-19	0.33172787782688007	0.3317278909635846	0.3317279045789733	0.33172791799664025	0.33172792992552197	0.3317279445839365	0.33172795817288797	0.3317279818656657	3.892056215397904e-19	3.282417854188083e-19	8.567154602619768e-20	1.365579069182826e-19	2.724143222895098e-18	1.5987593526136193e-19	4.629302537693503e-19	1.0756476517000849e-17
2.842170943040401e-14	0.33172787001033577	3.8201252209587905e-18	0.3317278855122357	0.3317279106453526	0.3317279384502272	0.33172796634249263	0.33172799398317	0.3317280217445775	0.3317280489601441	0.33172807700768975	4.3507997286156115e-18	3.494906326981309e-18	3.0896985366687896e-18	2.9203946979750737e-18	2.9204006312318334e-18	3.0896941836412802e-18	3.494906497245393e-18	4.350803478700844e-18
5.684341886080802e-14	0.3317278717208008	1.6674396382832657e-18	0.33172789902934	0.3317279510125339	0.33172800862722396	0.3317280641782684	0.33172811768806343	0.33172817325297393	0.3317282248463695	0.33172828137211824	2.7349552879371806e-18	2.9880967505261906e-18	1.2238854736327642e-18	8.382535288697697e-19	1.0386931432609486e-18	1.5148147933583733e-18	9.557686608352978e-19	1.886709537226843e-18
1.1368683772161603e-13	0.33172786981580343	1.0376348414077727e-17	0.3317279248148327	0.33172803305572907	0.33172814388221905	0.331728251909736	0.3317283615422031	0.3317284716674272	0.33172858159436686	0.33172869004123595	1.1817783996408483e-17	9.49297724394585e-18	8.392341898487682e-18	7.932484592010227e-18	7.932488167273847e-18	8.392335086063333e-18	9.492977943846154e-18	1.1817789235769709e-17
2.2737367544323206e-13	0.331727872295275	2.497438145243525e-18	0.33172797995849623	0.3317281985582867	0.3317284161088635	0.33172863366328825	0.331728851212033	0.3317290697243526	0.3317292873678199	0.3317295049094866	2.844371297226227e-18	2.284822434909097e-18	2.019915233158488e-18	1.909235101045196e-18	1.909234979534111e-18	2.0199140785881916e-18	2.284822437342517e-18	2.8443717122257403e-18
4.547473508864641e-13	0.33172787076504323	1.979216118121949e-18	0.3317280865743845	0.33172852454328344	0.33172896069438707	0.33172939711668026	0.33172983414847673	0.33173027071886124	0.33173070686141015	0.3317311441293744	2.2539722341662017e-18	1.8101411321363075e-18	1.6007384396668125e-18	1.513042283907916e-18	1.5130488331108802e-18	1.6003715815864666e-18	1.8106831155237474e-18	2.2540739759169145e-18
9.094947017729282e-13	0.33172823568122944	2.1254826961604899e-13	0.3317287028769054	0.33172913291720696	0.33172968868046204	0.3317302771116802	0.3317310547258753	0.33173164246376735	0.3317321982115384	0.3317326295048279	2.4207457142503734e-13	1.944532913116505e-13	1.719080448335299e-13	1.6248839646077273e-13	1.6248843398432157e-13	1.7190801596930485e-13	1.9445337784836514e-13	2.4207461998376835e-13
1.8189894035458565e-12	0.33172379908686456	2.5223038188079388e-11	0.33172395997300747	0.3317302114683761	0.33173544294862745	0.33173991724508134	0.3317424370904412	0.33174695725253517	0.3317517768190256	0.33175779662446475	2.872690956428416e-11	2.3075708511864097e-11	2.04002604863983e-11	1.928244063792652e-11	1.928245202275931e-11	2.040026382987009e-11	2.307572332511445e-11	2.8726923622632982e-11
3.637978807091713e-12	0.33174381096853534	3.6349458126097463e-10	0.33174584021123915	0.33174554031501613	0.33174294981643404	0.3317424511810519	0.331741952074352	0.33174650697150576	0.3317460084942715	0.33173923863061766	3.692643045722117e-10	3.692640803724722e-10	3.69264043845134e-10	3.6926399173713777e-10	3.6926404384511075e-10	3.6926374972821836e-10	3.692641332943475e-10	3.6926432193855736e-10
7.275957614183426e-12	0.3317352613226668	2.161971357623438e-10	0.33174553217737873	0.33173713682104133	0.3317610319882882	0.3317491632722061	0.33176452536018824	0.3317401004930133	0.3317811791034564	0.3317778809072147	2.459040564291439e-10	2.009305576492167e-10	2.2617063374263536e-10	2.390392358707146e-10	2.0266746693413068e-10	2.637090751854932e-10	2.2546468042765445e-10	2.4575400744072007e-10
1.4551915228366852e-11	0.33181987873999985	4.5447844073386044e-13	0.33173292420517975	0.3317269156486728	0.3317482759029071	0.33177266223181584	0.3317742449516966	0.33178289234220726	0.33177535605208114	0.3317690795457116	3.789007194346743e-13	1.8718742170336642e-13	3.746479303528673e-13	6.317699740711294e-14	2.7129492498617437e-13	4.889300964933414e-14	1.144359085086399e-13	4.910145583534365e-12
2.9103830456733704e-11	0.33175456807872306	1.2909344864356215e-10	0.3317604768613735	0.331765426737571	0.3317713291251075	0.3317797831541063	0.33178638636275937	0.33179778312708375	0.33180504693230967	0.3318012120612132	1.470264722021529e-10	1.181033279931607e-10	1.0441010124503773e-10	9.868888124850684e-11	9.868906604586203e-11	1.0440996958020549e-10	1.1810333211800672e-10	1.4702661164975745e-10
5.820766091346741e-11	0.3317812440973231	3.0737793472888895e-11	0.33176739041511977	0.33177395223130174	0.33178159850776345	0.33178975873798633	0.3318107518522996	0.3318513474404182	0.3318439214929031	0.33186089869692104	5.2476525048872693e-11	1.0920034974664158e-11	1.804182232507357e-11	2.369667078869529e-11	7.234925467174363e-12	6.008902679397588e-11	1.2275758697766075e-11	4.504171527639357e-11
1.1641532182693481e-10	0.33190682454834985	1.8888266656845588e-08	0.331950717738294	0.3318431085332876	0.33177068751571615	0.33171189470480034	0.3316553647129518	0.3316607171349732	0.3316060194247103	0.3315230448365556	2.1512145088717537e-08	1.7280249189797604e-08	1.5276741026629758e-08	1.4439654237516976e-08	1.4439659958386396e-08	1.527673558019066e-08	1.728024963915717e-08	2.1512148963260587e-08
2.3283064365386963e-10	0.33109221696663516	2.804852576284578e-08	0.33186079164590543	0.331742425566801	0.3316933530156565	0.3314671692470111	0.3316310993451825	0.3315055021183113	0.33159676172246516	0.33183615645000225	1.1905459577792426e-08	1.436646719535955e-08	1.3431981252705961e-08	1.4365828207555555e-08	1.4366398670488605e-08	1.1904974130169173e-08	9.687539568720338e-09	1.1905483735392713e-08
4.656612873077393e-10	0.3316497539991348	2.9780606569135725e-08	0.331626558455476	0.3316715223968737	0.33167515548977244	0.33164449848878325	0.33162950859103674	0.3316310018520295	0.33163616476721774	0.3316836781041572	3.025310788233233e-08	3.0253336979239154e-08	3.025282052831009e-08	3.025142961230494e-08	3.0252820505829887e-08	3.025140715471417e-08	3.025308142637044e-08	3.0253332989307086e-08
9.313225746154785e-10	0.33145106962277643	3.4052752108466534e-08	0.33179019843305635	0.3315838329022117	0.33190555890432955	0.3315726695135631	0.33173439440134206	0.3314766003938724	0.3317430410124849	0.3316329308461525	3.115370220185927e-08	2.754169539142481e-08	3.878318066165806e-08	3.878307720452289e-08	2.754167623365069e-08	3.115361916603328e-08	2.6032548413146683e-08	2.6032554229275152e-08
1.862645149230957e-09	0.3317154394067736	3.409218103333342e-08	0.33175830099920167	0.33170126816251705	0.3317001748545872	0.3317138302245439	0.33174956787581417	0.3316892802444015	0.33170789677449974	0.33170320357433186	3.4633288726808395e-08	3.46333338452321e-08	3.4633263894473136e-08	3.463296153373983e-08	3.4633245680711144e-08	3.4632941595410204e-08	3.4633281452649355e-08	3.463331541757279e-08
3.725290298461914e-09	0.33160494300889765	8.423207127524635e-10	0.3317338247271412	0.3319123276846754	0.3316773373551406	0.33184093731437314	0.33160401997325967	0.33182223124854926	0.331739012905792	0.3319564510252212	7.637315271955458e-10	1.92936274314919e-09	7.774456906435389e-10	6.855488880962344e-10	9.59239333276947e-10	6.763870851352795e-10	7.084878176754432e-10	2.3093235358613814e-09
7.450580596923828e-09	0.3316317787865665	4.7332770807622836e-09	0.33163354627791447	0.33161764514691244	0.33162888674015906	0.33164632223932844	0.33163687255628516	0.33162847653092425	0.33162284784663426	0.3316396325811839	4.8084083149184565e-09	4.8084085860459225e-09	4.808408015930411e-09	4.80840359480315e-09	4.808408015930172e-09	4.8084035880638156e-09	4.808408307659273e-09	4.808405476640259e-09
1.4901161193847656e-08	0.3317684839471139	8.082355755849041e-09	0.3317631069710282	0.3317922092301592	0.33175969714508124	0.3317591657801487	0.3317590218821871	0.33177940449798277	0.33177312248000446	0.3317621435662972	8.210646569713271e-09	8.210641785195831e-09	8.210640736824904e-09	8.210634273949714e-09	8.210646019599124e-09	8.210637996801915e-09	8.210646556096365e-09	8.210647066984305e-09
2.9802322387695312e-08	0.33177935997155195	5.989007463569493e-09	0.33178516591285007	0.3317774566148288	0.3317612153721021	0.3317761758132048	0.331778753927224	0.33177768823156206	0.3317987864160806	0.33178075461086487	6.0759696088788164e-09	6.081354127642466e-09	6.066499413825166e-09	6.055885712021567e-09	6.066432234432108e-09	6.053289681001629e-09	6.0723311197482714e-09	6.0803457553190185e-09
5.960464477539063e-08	0.331709792996773	1.0352969376385044e-08	0.33171273254144096	0.3317258527721445	0.3317098825937999	0.3316877798220881	0.3317283928665524	0.33170810692397984	0.3316951942458754	0.331710591295167	1.0516777421927805e-08	1.0517273004772715e-08	1.0516102935585448e-08	1.0514103030461163e-08	1.0516102637260117e-08	1.0514018092719244e-08	1.0516674412242587e-08	1.0517252425423702e-08
1.1920928955078125e-07	0.3316428460266514	2.7978498189177434e-08	0.3316029725416249	0.331674704923803	0.3316380663212315	0.33162181735749596	0.33165599200612017	0.33169808304608267	0.33160870984491053	0.33162369721775664	2.6371125893614775e-08	2.700955477842729e-08	2.5077182287621242e-08	2.4556104760225684e-08	2.5015420610689418e-08	2.3898460438809264e-08	2.5266962615920492e-08	2.6708016737043444e-08
2.384185791015625e-07	0.33182047372845797	1.8360550550304015e-08	0.3318585011447533	0.33182196643314404	0.331800028178393	0.331807358745642	0.3318300607424639	0.3318067311633847	0.3318174330025405	0.3318219464364043	1.8651143584942162e-08	1.8651947317951092e-08	1.8650056669981624e-08	1.864674755324492e-08	1.8650056228546737e-08	1.8646613807543435e-08	1.8650982461134332e-08	1.865190872599975e-08
4.76837158203125e-07	0.33172862016557986	1.9788434715267322e-08	0.3317165829586426	0.3317197422708852	0.3317712276129625	0.3317330415118966	0.33171344800454644	0.33172804858727467	0.33173265158759385	0.3317142182374567	2.010253498933303e-08	2.0102538100436137e-08	2.010253149671085e-08	2.010248375080628e-08	2.0102531496703708e-08	2.0102489712678524e-08	2.010253487854681e-08	2.0102538091145493e-08
9.5367431640625e-07	0.3318231062302423	2.2712545131445352e-08	0.3317067706236218	0.331533881644531	0.33172925255980956	0.3316120597135711	0.3317748004365021	0.3316113911537735	0.33175249432613685	0.3315440718410245	1.736323424165046e-08	2.5867691012068566e-08	2.0778946165345993e-08	1.8369771905873823e-08	2.5867664130727802e-08	1.7363201677057776e-08	1.8369786197695332e-08	2.0778959839872045e-08
1.9073486328125e-06	0.3318201032257101	2.023125236878943e-08	0.3316884569375647	0.33174362198358903	0.331587745644846	0.33179627154590746	0.33161866161399983	0.3317950774027889	0.3317122700678567	0.33171404256802456	1.8480872806451854e-08	1.635183961376729e-08	2.299268079596179e-08	2.295221960120292e-08	1.6332578904450732e-08	1.8436413752550885e-08	1.5447052144827463e-08	1.5453010634824343e-08
3.814697265625e-06	0.33161581539637186	3.000812830177549e-08	0.33162070706785185	0.33157127153771804	0.3316186627329949	0.33162595597930566	0.33162553161662817	0.3315899419851232	0.33163489435583077	0.3316395586251722	3.048444470685996e-08	3.048444873154209e-08	3.048442160465211e-08	3.0484384576794444e-08	3.048444020228556e-08	3.048438445103105e-08	3.0484444569892045e-08	3.048443012269325e-08
7.62939453125e-06	0.3319957840847745	6.7267495258973e-09	0.33180589482011075	0.3315950525762585	0.33145557381729096	0.33120981732221777	0.33145975504615993	0.33130192438113404	0.3315064514501927	0.3311908784889859	1.1520517361969817e-08	4.095138519733004e-09	3.816913070606747e-09	5.109912502303343e-09	4.665184279554879e-09	3.8928942067442474e-09	1.1343463546013756e-08	3.0396327201453675e-08
1.52587890625e-05	0.3317198136427558	1.0012477188183927e-07	0.331782900784145	0.33155873339131287	0.3314786434850286	0.33144957203755976	0.33142693750959085	0.33140430885811706	0.3311704571292107	0.3310480934095488	1.140336601028414e-07	9.160084230657881e-08	8.098042970981416e-08	7.654302625034064e-08	7.654315924532264e-08	8.09803367957284e-08	9.160084700022894e-08	1.140337385061707e-07
3.0517578125e-05	0.33024572074200126	1.0884891697074172e-07	0.3317975253352742	0.33150441018434296	0.3320979104055207	0.3311238251825792	0.330523388873322	0.33079203319685774	0.3308672417516992	0.33122930334877365	2.9027790029533848e-08	4.727418847432998e-08	6.018596169373667e-08	3.9182193429021994e-08	3.6606974420136875e-08	1.8730469446489298e-08	2.1895234581343306e-08	4.775534433415263e-08
6.103515625e-05	0.33027378861455653	3.3395822888731327e-07	0.3312141092409186	0.3317321864117728	0.33095893403309856	0.3306561449872671	0.3302311512101769	0.33061451532498765	0.33035736802751653	0.3305896342902673	1.237183776550913e-07	1.7934900688908424e-07	9.85246185574145e-08	9.317346305549921e-08	1.1073179522037792e-07	8.037476007441284e-08	9.589910422168191e-08	1.8573449622985267e-07
0.0001220703125	0.33131680337926217	4.173762645304243e-07	0.33143598426438725	0.3307550810808271	0.3305882834145287	0.33005629510956663	0.3298061279753279	0.3296674403011684	0.3293673987861988	0.32876016369977956	4.7535643078230513e-07	3.818437178831665e-07	3.3757196585763283e-07	3.1907478071429456e-07	3.190748778290797e-07	3.3757185964124713e-07	3.818435674024795e-07	4.753564485259969e-07
0.000244140625	0.33161287987556237	4.551485941993396e-06	0.3284236832189992	0.33020934207711694	0.32794744020111155	0.33092541471581316	0.32873370666497675	0.33116398715069884	0.3301245430780624	0.3299288486599726	4.1639519718252555e-06	3.681202730103394e-06	5.183688702686567e-06	5.183541213988989e-06	3.6811689859355462e-06	4.163826713908179e-06	3.4794711435653593e-06	3.479482677480649e-06
0.00048828125	0.3362244273228283	1.7019554429327274e-06	0.32351293963234407	0.3321577316361149	0.3189714746486451	0.3315787126438713	0.32301040049355484	0.329679789421042	0.32444360261639515	0.32486968379734105	6.705249093091367e-07	9.890123727927334e-07	1.1907327239966686e-06	7.3758208826057e-07	4.806709530443771e-07	3.398464563714498e-07	4.210073297342049e-07	8.888109262322321e-07
0.0009765625	0.323950025455004	4.0570382561783744e-05	0.32474227239650977	0.3292584513883459	0.31737860911590754	0.3292608374424987	0.3179050616770842	0.3239424719850558	0.3189871661627883	0.3237659977038482	1.9050047756930032e-05	2.232319588690918e-05	1.4994470076323653e-05	1.4316527792285603e-05	1.4927216273865146e-05	1.2217571895904135e-05	1.4666088177693383e-05	2.354748680792092e-05
0.001953125	0.31811138557042096	0.00019735771427764257	0.33724642042001995	0.31259793268282654	0.32611303199724706	0.3130169976753732	0.3188016658581469	0.3041491016131506	0.301672497044459	0.306867490430011	0.0001716295807248402	0.00015045460723425114	0.00015618911531262316	0.0001715265756315459	0.00011275553811533181	0.00012680281973584604	0.0001309797472518848	0.00015623405446425152
0.00390625	0.33206288919396376	0.0003348171717242758	0.3319010788078037	0.31652679937180656	0.34240898282986343	0.3203233191827061	0.3505876558471708	0.32085174431704594	0.32903651064407397	0.32341770792167573	0.0001421147196886208	0.00017149206173868565	0.00016033647940773973	0.0001714804123359094	0.00017149067570242034	0.00014210596637328137	0.00011563971457042323	0.00014211523129181185
0.0078125	0.32165718152600165	0.0005984760000349304	0.3225469929027864	0.31943213946260435	0.3211916644889555	0.32579281084214795	0.3253926241184809	0.32304933753512594	0.3158667094878006	0.31982480787784623	0.0006078674005125098	0.0006079584571494871	0.0006077318878806542	0.0006074510675687317	0.000607731706982628	0.0006074279688394114	0.0006078374242472385	0.0006079516599956134
0.015625	0.3077128321180772	0.00014428330104011093	0.3064717939818477	0.30813646742004136	0.30914853435390766	0.30836005961299134	0.30430897973081383	0.30903633765113486	0.30859545279944506	0.3076439678690659	0.00014657325816597584	0.000146573570368688	0.00014657288404207813	0.00014657041100523893	0.0001465728332496123	0.0001465703180602459	0.0001465731832291097	0.00014657356734607834
0.03125	0.3284979200122943	0.0012026911183247195	0.32582047906809936	0.3281494823427673	0.33170469326506086	0.32615920379539076	0.33746857745635844	0.3308752395163639	0.323088134495916	0.3247174297440331	0.0012217805262449404	0.0012217808015956542	0.0012217809320863096	0.0012217771468464073	0.0012217809320856192	0.001221777495541195	0.0012217812326155912	0.0012217808006247468
0.0625	0.3486715977191381	0.009842453424233039	0.3470979060110252	0.3508182682618662	0.3352015501074917	0.3583394891923172	0.3612679246852297	0.3276279239490058	0.3581253757632104	0.3653512382591799	0.009868513577743638	0.009926622711728155	0.009746832389367589	0.00967582270380373	0.00974307159625099	0.009623211877321857	0.00978776130263711	0.009901703426211397
0.125	0.22401095240924926	0.015970483267661813	0.38764467246041984	0.3478772622577793	0.32763993440752487	0.2487921892045768	0.3062193858200483	0.3094877061204697	0.32003342962968867	0.27847119510428386	0.006252963180682109	0.006942429955080524	0.005513818162483104	0.005473338258560526	0.004785964335414685	0.004126123876615421	0.004756050412027832	0.007335399963808315
0.25	0.4594663885353144	0.17255114597346718	0.4772173307990482	0.4880112667134002	0.47990391681053446	0.4822586269654479	0.5025922444094657	0.42625069500520246	0.33249094176103994	0.48700621709530684	0.17529003902328527	0.17528994238620632	0.17528991274401895	0.1752898093797308	0.17529002343454045	0.1752898089958537	0.1752900386079865	0.1752898965052776
0.5	-4.758360376088423	6.192269785623776	-1.0006040802793585	-0.20753191332368148	1.5844237953448301	1.0840372679999264	3.2311199423190873	3.1905995656150075	4.24757067365839	6.8981131241066596	2.214864456446066	2.4160159194256776	1.6743064251480548	1.7092641534678084	1.4880582622922347	1.2568418373477406	1.529373482031533	3.2772586150521423
