h	mu	var	mu_cv1	mu_cv2	mu_cv3	mu_cv4	mu_cv5	mu_cv6	mu_cv7	mu_cv8	var_cv1	var_cv2	var_cv3	var_cv4	var_cv5	var_cv6	var_cv7	var_cv8
1.7763568394002505e-15	0.47655016856279336	2.2543820009725468e-24	0.47655016855878995	0.47655016855233423	0.4765501685451476	0.47655016853813226	0.4765501685312527	0.476550168524341	0.4765501685169198	0.47655016851015225	5.86089671803445e-25	8.29585246988089e-25	3.270377593415139e-25	1.6418118660448256e-25	8.238113683780162e-25	9.432696603449707e-26	5.631131469484997e-25	9.829520700787901e-25
3.552713678800501e-15	0.4765501685615024	3.8089658294987094e-25	0.47655016855507387	0.4765501685415723	0.47655016852795495	0.4765501685140756	0.47655016850023024	0.47655016848644555	0.47655016847271214	0.4765501684582265	1.0535570613933921e-25	1.2561097629834442e-25	6.072980630527465e-26	2.7364088445867815e-26	6.308423257954888e-26	1.7228281840351635e-26	5.008748855304817e-26	1.7073023389690826e-25
7.105427357601002e-15	0.47655016856212146	1.77038923606704e-24	0.4765501685485614	0.476550168521026	0.47655016849257614	0.4765501684656142	0.4765501684372199	0.47655016841009273	0.47655016838319925	0.47655016835345654	4.760344252126385e-25	5.724201840081931e-25	2.7833837788061503e-25	1.2404496167290154e-25	2.8722717274361428e-25	7.751246604080812e-26	2.240679085566428e-25	7.671598978755838e-25
1.4210854715202004e-14	0.47655016856217675	7.203222360324553e-24	0.4765501685352434	0.47655016847995985	0.47655016842444475	0.4765501683685755	0.4765501683131032	0.4765501682578583	0.4765501682027955	0.4765501681474583	1.9177124993533276e-24	2.299762367493865e-24	1.1049870513655562e-24	4.9813020498097835e-25	1.1529551019689364e-24	3.136641288626065e-25	9.108926096738698e-25	3.1090873871828458e-24
2.842170943040401e-14	0.4765501685631373	2.2567554283726995e-23	0.4765501685070237	0.4765501683965556	0.47655016828499386	0.4765501681751516	0.4765501680644053	0.47655016795276023	0.4765501678424157	0.47655016773208975	6.04822405098914e-24	7.25267980401729e-24	3.486087084859315e-24	1.5706906637992953e-24	3.638253921109695e-24	9.88720405670121e-25	2.8733214410646132e-24	9.803557476930444e-24
5.684341886080802e-14	0.4765501685347155	1.7034903521035945e-23	0.4765501684511215	0.47655016822788043	0.47655016800848093	0.47655016778841014	0.4765501675691592	0.47655016734369937	0.47655016712345094	0.4765501669052618	5.689517106253592e-24	6.790223729467562e-24	3.3043346037229572e-24	1.4715335995303296e-24	3.457041217480591e-24	9.198293108490755e-25	2.7155014937597368e-24	9.143435964105825e-24
1.1368683772161603e-13	0.4765501685621613	3.8420983956630275e-25	0.47655016834266073	0.4765501678990384	0.4765501674561679	0.4765501670128858	0.4765501665699942	0.47655016612651585	0.47655016568348035	0.4765501652401235	1.8927294301910793e-24	2.4143524068744573e-25	2.5329131338409208e-25	3.710909323748103e-26	6.168872722371186e-26	2.649031437283187e-26	4.915876720117594e-26	2.300259973383114e-25
2.2737367544323206e-13	0.4765501685586736	2.5154001071597563e-24	0.47655016812196027	0.4765501672373224	0.47655016635075576	0.4765501654621907	0.4765501645747685	0.4765501636893708	0.47655016280398027	0.4765501619146721	8.438192299478462e-23	6.147084477326806e-24	2.327700657255501e-24	1.4469497985702724e-24	6.383719912450271e-25	3.0501399504254488e-24	8.634173538980843e-25	9.715720420734908e-24
4.547473508864641e-13	0.4765501685626139	1.0460406106815204e-23	0.4765501676849438	0.476550165911252	0.47655016413613954	0.47655016236525316	0.4765501605923212	0.4765501588168926	0.4765501570401442	0.47655015526789185	3.6024328630890405e-24	4.302428016288729e-24	2.095796937401021e-24	9.295414180326222e-25	2.198696801212077e-24	5.796938487817869e-25	1.7204628377964103e-24	5.802506616017077e-24
9.094947017729282e-13	0.47655016856607113	3.697995255790615e-24	0.4765501668042663	0.47655016325861366	0.4765501597146798	0.4765501561654522	0.4765501526211607	0.4765501490735111	0.4765501455297394	0.4765501419814619	1.124533724307202e-24	1.3469602802219557e-24	6.51662684156301e-25	2.9093355025398417e-25	6.828219673836953e-25	1.8213803147890836e-25	5.357720458100649e-25	1.8160913328218017e-24
1.8189894035458565e-12	0.47655016855869325	9.554122307318794e-24	0.47655016505033765	0.47655015795300054	0.4765501508675561	0.4765501437690267	0.47655013667558976	0.4765501295857071	0.47655012249476353	0.4765501154051885	3.132265431743706e-24	3.754428300723836e-24	1.8318840853222467e-24	8.10059500985381e-25	1.913440175020909e-24	5.040680686936413e-25	1.487969833451667e-24	5.035976332151885e-24
3.637978807091713e-12	0.476550168565476	3.6578309248092915e-23	0.4765501615310842	0.476550147342326	0.47655013316107386	0.4765501189761207	0.4765501047932597	0.4765500906108631	0.4765500764298858	0.47655006223894747	1.2027382387501086e-23	1.4397905112498951e-23	6.989704852898738e-24	3.1055144977957023e-24	7.339679210741141e-24	1.9386042392945137e-24	5.7391223343168516e-24	1.938672435768178e-23
7.275957614183426e-12	0.4765501685582598	1.4459961464446918e-22	0.4765501544922192	0.4765501261245006	0.47655009776130997	0.4765500693885433	0.4765500410265139	0.47655001265589436	0.4765499842928359	0.476549955925617	4.8093714942992485e-23	5.742544882651739e-23	2.7944245790534985e-23	1.2420753602959822e-23	2.927614710991646e-23	7.756077732457258e-24	2.2954452918446475e-23	7.753016689807431e-23
1.4551915228366852e-11	0.47655016856464605	5.700155695210084e-22	0.4765501404258625	0.4765500836814436	0.4765500269604744	0.47654997021472933	0.47654991349430004	0.4765498567498407	0.4765498000241653	0.4765497432835664	1.895857129110735e-22	2.263714697261211e-22	1.1015641100560324e-22	4.896268180415984e-23	1.154066700815816e-22	3.0574520132289184e-23	9.048658849635637e-23	3.0562446651891842e-22
2.9103830456733704e-11	0.47655016851882803	2.104101406068411e-21	0.4765501123121205	0.47654999876557996	0.47654988535507886	0.4765497718961031	0.4765496584099361	0.47654954491646107	0.4765494314642593	0.47654931796340183	7.2954820972948665e-22	9.937890048226815e-22	4.557136465585555e-22	4.373656617572982e-22	4.299112259800981e-22	3.98878266058432e-22	5.037916614552164e-22	1.2743915631075977e-21
5.820766091346741e-11	0.47655016826352453	1.2140181869277451e-20	0.47655005608697054	0.4765498289389774	0.4765496021178774	0.4765493751783092	0.47654914825262307	0.4765489212408879	0.4765486943637911	0.4765484674497693	3.9858777362298575e-21	4.771520057279674e-21	2.316270474994902e-21	1.0292052810816273e-21	2.4321526015544014e-21	6.425100874621404e-22	1.9018945064980055e-21	6.424987069452492e-21
1.1641532182693481e-10	0.47655128225558485	2.85538736852041e-12	0.47655138731916497	0.4765499864086031	0.47654753135388017	0.47654735202635995	0.476551187943699	0.4765497713190415	0.476543147553272	0.4765467661307265	6.942282090031592e-12	5.229257690783464e-12	3.1068095876796306e-12	2.609346110958107e-12	8.745026417925508e-12	2.5362563398056232e-12	9.614794309297353e-12	1.7845389105196803e-10
2.3283064365386963e-10	0.47655815897983295	4.144954048815213e-11	0.4765393205983686	0.4765550942526886	0.47655701764686786	0.4765607530191878	0.47655864309247753	0.4765652993679647	0.47656254327572545	0.4765588058806012	4.1192854324428865e-11	3.4363821203018996e-11	3.2224241041419304e-11	4.073576551336461e-11	3.183387770383908e-11	2.4604935973130515e-11	2.4715875596432558e-11	7.089850357466391e-11
4.656612873077393e-10	0.47655907609677806	6.677702882630161e-11	0.4765546543634235	0.47655040389871184	0.4765580766277984	0.4765593818662396	0.47656455829351335	0.4765593650004075	0.4765544327598358	0.4765552427019608	2.014891646630474e-11	2.4040924527515613e-11	1.1661530579758658e-11	5.218139707851107e-12	1.2165996112067138e-11	3.271598709197699e-12	9.598242042015081e-12	3.256510698490096e-11
9.313225746154785e-10	0.4765568661017501	1.246128217286895e-10	0.47655908807907976	0.4765549141002649	0.47655549648592743	0.47655882882594836	0.47655569916500135	0.4765544933529939	0.476559155608283	0.476556146377108	5.07414926343458e-11	5.86851612555116e-11	2.938700882880071e-11	2.3212143576389215e-11	2.782693929375732e-11	1.9314789429022757e-11	3.0992212868561006e-11	6.472283769268479e-11
1.862645149230957e-09	0.4765589981810156	3.875894525016844e-11	0.47655816694759456	0.47656011482889077	0.47655854182204876	0.4765587514314091	0.47655977083655265	0.4765613860308455	0.47655717381815405	0.4765598404236535	3.718516071935261e-11	3.854857049189817e-11	3.4961901985771085e-11	3.317741450227357e-11	3.503574944654897e-11	3.2673446091002405e-11	3.64415239668762e-11	3.8365180348924843e-11
3.725290298461914e-09	0.47655866808593705	2.873454999112712e-11	0.4765583404713583	0.47655937006599247	0.476557827886592	0.4765588572555428	0.47655988568686053	0.4765583436584593	0.4765578454404771	0.47655887423868326	2.919065660811499e-11	2.919065699655303e-11	2.919065621827268e-11	2.919054877072057e-11	2.919065621827268e-11	2.919054877068706e-11	2.919065660808095e-11	2.9190656996553005e-11
7.450580596923828e-09	0.4765586918185701	4.1309200046887454e-11	0.47655835139700836	0.4765588844499713	0.47655837016547764	0.47655785687689917	0.47655991228572686	0.4765593970763048	0.47655735350602596	0.47655940879336167	4.19649022209058e-11	4.196490225083659e-11	4.1964902190934316e-11	4.196488016672203e-11	4.1964902190934316e-11	4.196488016672153e-11	4.19649022209053e-11	4.196490225083487e-11
1.4901161193847656e-08	0.4765574871044214	6.188906003663334e-11	0.4765572961228282	0.47655813818064685	0.47655713434469477	0.4765603614155415	0.4765585662472025	0.47655705823398264	0.4765565778942986	0.47656006502930054	5.94159914124933e-11	6.157445097441794e-11	5.59008977525671e-11	5.306100536046539e-11	5.601681328887642e-11	5.226557452557407e-11	5.824496621163715e-11	6.128535106317923e-11
2.9802322387695312e-08	0.47655894337044097	4.009415913956861e-11	0.47655757883850614	0.4765591378952368	0.4765596334919014	0.4765585969747686	0.4765601152152172	0.47655905249075187	0.4765579721175098	0.47655945998436583	4.0730580089791157e-11	4.073058119306403e-11	4.0730578981457e-11	4.073033848423263e-11	4.0730578981457e-11	4.073033848409298e-11	4.073058008965174e-11	4.0730581193063926e-11
5.960464477539063e-08	0.4765587908033815	4.7733756400950776e-11	0.47655887999018	0.4765594033877934	0.4765572891581033	0.4765592451918249	0.47655960922889223	0.4765573560753318	0.4765591576117122	0.47655938579891477	4.849143570822978e-11	4.8491435739514467e-11	4.849143567690599e-11	4.849141187278486e-11	4.849143567690599e-11	4.849141187278437e-11	4.849143570823029e-11	4.8491435739514467e-11
1.1920928955078125e-07	0.4765611526994795	4.437467939146195e-11	0.47655629889527323	0.4765481747419022	0.4765573980364203	0.47655287591292145	0.4765584321662137	0.4765523149637872	0.47655815511556443	0.47654915242103435	3.3923456401726645e-11	5.053903242357619e-11	4.059692243036043e-11	3.5890022692406135e-11	5.0539025416970664e-11	3.3923446108310586e-11	3.589003321019718e-11	4.059692566724756e-11
2.384185791015625e-07	0.4765523633796011	1.4264050834016068e-11	0.4765634675231023	0.47656291188966726	0.47656402022993977	0.4765525076285639	0.4765623141547188	0.4765537270719972	0.4765585612931649	0.47656130724125517	5.106955103468617e-12	6.995511588013396e-12	3.194116051152781e-12	3.0093447367717015e-12	3.0262488006232657e-12	2.705018882661048e-12	3.5120251087849072e-12	8.940654898584649e-12
4.76837158203125e-07	0.47655037862907984	5.26682556008244e-11	0.4765533242485276	0.47656492671784745	0.47655106248525364	0.476555925124326	0.47655381896582544	0.476553953775766	0.476552361730011	0.47655571359103605	8.274690905299427e-12	1.0474372699586958e-11	4.315795793244726e-12	2.581356836498598e-12	4.233432092777239e-12	1.906052234774717e-12	3.895223731925136e-12	1.351464221943452e-11
9.5367431640625e-07	0.47652338094058116	4.674358428167211e-10	0.4765558332616147	0.4765519695304147	0.4765553304592393	0.47655384864361794	0.4765691105115042	0.4765628012456937	0.4765553042927378	0.47657095127946897	1.2690463845525676e-10	1.510903741314864e-10	7.296425291520573e-11	3.3122575451574793e-11	7.541843248350867e-11	2.094047370290542e-11	6.029031384612553e-11	2.0427832827660336e-10
1.9073486328125e-06	0.476588218054501	1.3437685788996607e-10	0.47656282589640797	0.4765617069885538	0.47656784430822974	0.4765631259842077	0.4765663219948778	0.47656870602098667	0.4765583379717771	0.4765562731001989	3.7180706992470494e-11	4.427818664411704e-11	2.1400347354032803e-11	9.694550298298327e-12	2.214876546125394e-11	6.121453405032877e-12	1.76726508262843e-11	5.984016597696152e-11
3.814697265625e-06	0.47656720910343947	4.379052881205636e-11	0.4765538137193947	0.4765614471597661	0.4765557143891635	0.47657018989163163	0.47655772546180253	0.47656254858470576	0.4765588878762958	0.47656195657428996	4.006248693719872e-11	3.541756868376761e-11	4.9873711828071856e-11	4.987364968931834e-11	3.541756055459864e-11	4.006243991060049e-11	3.347687341111489e-11	3.34768758341188e-11
7.62939453125e-06	0.4765586361344419	1.6770379923787062e-11	0.47655821348718125	0.47656122497331677	0.4765562796696383	0.4765609897391546	0.47655811120312336	0.4765630898167194	0.4765566224412633	0.47655987840819175	1.2763133176272845e-11	1.4127422381663426e-11	9.913625803776767e-12	9.00111182273411e-12	9.973235033945485e-12	8.331418089922659e-12	1.1064055301071372e-11	1.4023032722877134e-11
1.52587890625e-05	0.4765388752310492	1.0503203632665685e-10	0.476560161975481	0.476549662420591	0.4765665668353367	0.4765398407473231	0.4765617326988949	0.47654329221917646	0.4765533609256714	0.47655287412722097	9.257503541409455e-11	8.363857020161441e-11	1.1333076114336745e-10	1.0845436205626753e-10	8.109000305413333e-11	8.706281966131072e-11	7.792926532384494e-11	7.874486478577316e-11
3.0517578125e-05	0.4765426238553172	3.1347133102827425e-10	0.47654159606238156	0.476543126819352	0.47653908528683814	0.47654427352791584	0.47654092527340197	0.47654086981091215	0.4765457630956675	0.4765453509668482	3.184470682873976e-10	3.184470683466619e-10	3.184470682280749e-10	3.1844699993381e-10	3.184470682280749e-10	3.1844699993379556e-10	3.1844706828739016e-10	3.1844706834666887e-10
6.103515625e-05	0.47645670232556264	2.16733458679371e-09	0.47658454256391986	0.47652320377156243	0.4765177047276918	0.47650713301561676	0.47647997790393376	0.4764908258290979	0.47652674614234475	0.4764519677131601	8.444220067680696e-10	2.613234610918901e-10	1.0601659569234788e-09	3.935782702275326e-11	8.5833517612003e-10	2.6019766126475413e-11	8.825171363615185e-11	3.195593394229368e-09
0.0001220703125	0.47651805661478536	2.887633344953444e-09	0.47658312280053333	0.4765096021378547	0.4765239936761874	0.4764679163871967	0.47648888974118103	0.4763883823614283	0.47643118175414784	0.47637058347970146	2.5120645446768094e-09	2.2014548646618773e-09	2.286261302268472e-09	2.512060789517214e-09	1.6504526131828914e-09	1.857025381717402e-09	1.9170129142593433e-09	2.286261201059371e-09
0.000244140625	0.4764960996269442	6.498220243220636e-09	0.4765705430682376	0.4764758709982028	0.4765757084751525	0.4764212759055153	0.47646595006112	0.4764022608975919	0.4764407779678313	0.4764083594569913	2.012698820301716e-09	2.3326414898088474e-09	1.0914383349818718e-09	7.973108427238657e-10	1.0088366759529205e-09	6.406304817395721e-10	1.090826480633376e-09	2.7547707182138576e-09
0.00048828125	0.4764962498285451	2.6169090275615197e-08	0.4764979348489835	0.47630110740507836	0.47649403115940664	0.4762311788070428	0.47647323635211775	0.47608127286394897	0.476101891186213	0.47570811971493443	1.123432987069153e-08	5.26740853336558e-09	3.1591355748889052e-09	1.4188965090214055e-09	1.898723135335049e-09	1.2004307889712476e-09	2.5765103923004787e-09	1.7881039793258325e-08
0.0009765625	0.4754173803569113	2.763790839123061e-07	0.4764102773344297	0.4759380317105393	0.4768012634233263	0.4752642824892899	0.47649910339105006	0.4756398826165702	0.4760593448869531	0.47593460264700915	1.2911280218834746e-07	1.4124198199043742e-07	1.1222150628002572e-07	9.456714078877911e-08	8.957570205680739e-08	7.309056980087455e-08	1.0164350054851243e-07	1.4034777801804736e-07
0.001953125	0.47655336935443265	1.4752843350582667e-07	0.47641831931954826	0.476196770274717	0.4765661011164951	0.4747984416453372	0.47585117145618966	0.47486282131526164	0.47530098108307167	0.4745788180090921	1.6779987083152124e-07	1.371108323005424e-07	1.5433414650154767e-07	1.6311551986235667e-07	1.382960701416124e-07	1.7994971261883786e-07	1.538524116562876e-07	1.6769740954776196e-07
0.00390625	0.47162736719662973	9.761807311961033e-06	0.4775847886937578	0.4740186947004729	0.476712555708532	0.4730684354383774	0.47269941566602114	0.471316876447868	0.4722971568382157	0.47234272949443035	2.672884926528111e-06	3.111996283516602e-06	1.8890807934717376e-06	1.3172376849980847e-06	1.5057413007570017e-06	9.710100959560893e-07	1.615897875030104e-06	3.4774866295680006e-06
0.0078125	0.4726382476090318	2.4786731303406215e-05	0.47217555390702864	0.47272703346940737	0.4739187172875379	0.4690854562084156	0.47286805319466424	0.4728746235925262	0.4720613943076688	0.47154979244492046	2.3232986172441205e-05	2.4338190900645216e-05	2.135564510747706e-05	2.0116786026344363e-05	2.142965145989567e-05	1.967362115992535e-05	2.2528496797336618e-05	2.417425773412177e-05
0.015625	0.4743452577652354	6.129201375379976e-05	0.4783445772592618	0.47579437359340765	0.47168698134175	0.4661261995447607	0.46588213840433246	0.4540774436063292	0.43895134890956355	0.3890909967931596	3.05105749732853e-05	1.3167728877090002e-05	1.420714516443512e-05	4.759808834088658e-06	3.5717841639192744e-05	4.6511024833316244e-06	2.439415709884937e-05	0.00037307819077424454
0.03125	0.479280448961005	0.00023627109425181726	0.47458623779725284	0.4550121962659208	0.47018811061885485	0.4445322967800278	0.4591287265680277	0.4247685012550769	0.4373257742214878	0.4153171619664001	0.0002704790115653566	0.00023593488746764455	0.0001976920292974507	0.00018807539925558487	0.00029268122805460497	0.00019035487745345012	0.00028305877128048597	0.0006274837578792273
0.0625	0.4533849736752448	0.0030978018344126244	0.4630795313781114	0.4130098687071851	0.4037371548060065	0.382298078935281	0.352737697239311	0.34688044017624065	0.3470551877597834	0.27248480322511354	0.0035281354167358983	0.0028340794802903697	0.0025054908977209917	0.002368170764769916	0.0023682059697491477	0.0025054560006204643	0.0028340857091966737	0.0035281515210695415
0.125	0.29875601871998425	0.004584869050126539	0.36355542427268434	0.44021078760894206	0.3086315257114372	0.40481540977192215	0.29538001543467146	0.37362640689366006	0.37039692704219174	0.4182511209424717	0.0035050304112047275	0.005221780000511456	0.004194544590437565	0.0037082205796838672	0.005221780000328652	0.0035050304109341237	0.0037082205799604767	0.004194544590521822
0.25	0.44571537763618735	0.053337806206280446	0.45611318247585997	0.4520242485524008	0.4576297485515212	0.46486086141014177	0.47101122306381066	0.39785516166173585	0.3952421832070725	0.4709867912748225	0.05418443863901082	0.05418443866527938	0.05418443861270634	0.05418441662256274	0.0541844386127086	0.05418441662256238	0.05418443863901047	0.05418443866527711
0.5	-12.861806812012606	0.3006321993618396	0.7909274779762033	-0.303840590770134	1.311261198986056	0.6015830513438951	0.8726505584490287	3.344975001639723	6.590440634414786	7.953496551584598	0.1384151677358467	0.3501304012840878	0.06657518416078435	0.036148678109709044	0.23489064243261026	0.018840472152624257	0.16319334448047326	0.4827262110850047
