h	mu	var	mu_cv1	mu_cv2	mu_cv3	mu_cv4	mu_cv5	mu_cv6	mu_cv7	mu_cv8	var_cv1	var_cv2	var_cv3	var_cv4	var_cv5	var_cv6	var_cv7	var_cv8
1.7763568394002505e-15	0.32759037913951977	3.4360768394672645e-17	0.3275903796891061	0.32759037932429746	0.32759037789855583	0.32759037865506074	0.3275903794765822	0.32759038000483653	0.32759037820688636	0.32759037986083317	3.4906177416810304e-17	3.4906177416810304e-17	3.4906177416810304e-17	3.4906177416810304e-17	3.4906177416810304e-17	3.4906177416810304e-17	3.4906177416810304e-17	3.4906177416810304e-17
3.552713678800501e-15	0.3275903765886448	2.4031563452417145e-17	0.32759037721394263	0.3275903774326742	0.3275903772948216	0.32759037569149835	0.32759037596836954	0.32759037626735543	0.32759037619663733	0.3275903766438591	2.4413016840550747e-17	2.4413016840550747e-17	2.4413016840550747e-17	2.4413016840550747e-17	2.4413016840550747e-17	2.4413016840550747e-17	2.4413016840550747e-17	2.4413016840550747e-17
7.105427357601002e-15	0.3275903804057065	2.83284920128665e-17	0.3275903799801985	0.3275903803669794	0.3275903818222119	0.3275903811582131	0.32759038020662645	0.3275903798163196	0.3275903798149123	0.3275903800801911	2.877815061624534e-17	2.877815061624534e-17	2.877815061624534e-17	2.877815061624534e-17	2.877815061624534e-17	2.877815061624534e-17	2.877815061624534e-17	2.877815061624534e-17
1.4210854715202004e-14	0.32759037671944885	5.085418353914435e-17	0.32759037796159307	0.3275903754616108	0.3275903771381957	0.327590375992494	0.32759037547986025	0.32759037739206276	0.3275903768163451	0.32759037751342923	5.166139280167045e-17	5.166139280167045e-17	5.166139280167045e-17	5.166139280167045e-17	5.166139280167045e-17	5.166139280167045e-17	5.166139280167045e-17	5.166139280167045e-17
2.842170943040401e-14	0.3275903844339577	5.55558513307571e-17	0.32759038434900417	0.32759038593635537	0.3275903838772616	0.32759038349036407	0.32759038598093815	0.3275903842133001	0.32759038337917185	0.3275903842452664	5.643769024076912e-17	5.643769024076912e-17	5.643769024076912e-17	5.643769024076912e-17	5.643769024076912e-17	5.643769024076912e-17	5.643769024076912e-17	5.643769024076912e-17
5.684341886080802e-14	0.32759038721447686	3.274562209906497e-17	0.3275903858126853	0.32759038984507916	0.3275903901980868	0.32759039108261134	0.327590393398171	0.3275903921164198	0.32759039308515764	0.3275903984377194	3.729450780506426e-17	2.995788331882211e-17	2.6484505542726797e-17	2.5033299759563686e-17	2.5033299759563692e-17	2.6484505542726803e-17	2.9957883318822117e-17	3.729450780506427e-17
1.1368683772161603e-13	0.3275903857322823	5.340022931166569e-17	0.32759039160612935	0.3275903898888918	0.32759039661287376	0.32759040390162353	0.32759040804768474	0.32759041227720015	0.3275904158450819	0.327590421830436	6.081836719519841e-17	4.885409823876596e-17	4.3189854964706136e-17	4.082328756937977e-17	4.082328756937977e-17	4.318985496470613e-17	4.885409823876596e-17	6.081836719519844e-17
2.2737367544323206e-13	0.3275903831995413	4.195318319652858e-17	0.3275903899743973	0.32759039623365466	0.32759041084975177	0.3275904205450017	0.327590431277476	0.3275904403564014	0.3275904504030058	0.3275904656687596	4.778114501647851e-17	3.8381575505040104e-17	3.3931537765325315e-17	3.2072275422019815e-17	3.2072275422019815e-17	3.3931537765325315e-17	3.8381575505040104e-17	4.778114501647849e-17
4.547473508864641e-13	0.32759037030824695	3.3962073313571367e-17	0.32759037963977955	0.3275904095650281	0.3275904302629844	0.32759045353876126	0.32759046370112477	0.3275904974389651	0.3275905167824552	0.327590570303173	3.9839187616871705e-17	3.595293208445125e-17	2.8266288304985966e-17	2.803936318126524e-17	1.3824424244484588e-16	3.924270357955768e-17	5.4382445355986733e-17	2.1800945130967996e-16
9.094947017729282e-13	0.3275903797693466	7.467292317981394e-17	0.32759040071369827	0.3275904440839182	0.3275904833437846	0.32759052873721234	0.3275905707309135	0.32759061375963866	0.3275906577840954	0.3275906911371612	8.50461752698251e-17	6.831578013477752e-17	6.03951099742236e-17	5.708578887974559e-17	5.708578887974559e-17	6.039510997422361e-17	6.831578013477753e-17	8.504617526982506e-17
1.8189894035458565e-12	0.32759037889751175	1.9228098271469595e-17	0.32759041815789697	0.3275905008976468	0.3275905958905688	0.3275906770775695	0.32759075917349045	0.3275908525939077	0.32759093999417677	0.3275909988310976	2.2555507947938326e-17	2.0355250543289194e-17	1.6003350687096442e-17	1.5874873884785754e-17	7.82688929103856e-17	2.22178002473237e-17	3.078937477971583e-17	1.2342907086937428e-16
3.637978807091713e-12	0.32759038505158317	3.862407626467385e-17	0.32759046034708633	0.327590633308811	0.32759080142936403	0.32759097054202646	0.3275911382683572	0.32759131021087506	0.32759148690151263	0.3275916615074058	6.049651420034423e-17	2.4498588395180563e-17	2.2979296091603448e-17	2.449858839518054e-17	2.4498588395180493e-17	2.297929609160344e-17	2.4498588395180526e-17	6.04965142003438e-17
7.275957614183426e-12	0.3275903785398228	9.2949942404869e-17	0.3275905470094591	0.32759089065003844	0.3275912288483027	0.32759156891243874	0.327591908478543	0.327592253058043	0.3275925947680451	0.32759292901762727	1.058621620322689e-16	8.50368186816586e-17	7.517747738523443e-17	7.105816355590653e-17	7.105816355590652e-17	7.517747738523444e-17	8.50368186816586e-17	1.0586216203226891e-16
1.4551915228366852e-11	0.32759038409951113	1.763214440072371e-18	0.32759072065119854	0.3275914042086417	0.3275920825541938	0.32759276437951834	0.3275934437032751	0.32759412263761967	0.32759480248160155	0.32759548937095967	2.06833753164152e-18	1.8665741761093773e-18	1.4675054507547982e-18	1.4557241424917455e-18	7.177248641007442e-18	2.0373697736323385e-18	2.8233821902682436e-18	1.1318431859926326e-17
2.9103830456733704e-11	0.327590376774579	3.373110311427476e-17	0.3275910533072456	0.3275924162178203	0.3275937764985954	0.32759513883202074	0.32759650320093003	0.32759786593070533	0.32759922612492526	0.3276005894489698	3.841688774648958e-17	3.0859467206196547e-17	2.728155796489839e-17	2.5786678076410808e-17	2.5786678076410808e-17	2.728155796489839e-17	3.0859467206196547e-17	3.841688774648958e-17
5.820766091346741e-11	0.32760013239646074	1.0442802488959236e-10	0.3276040776404192	0.3275972887779628	0.32759342258753094	0.3275904325633321	0.3275872423092513	0.3275890726028925	0.3275863519023228	0.32758200032560103	1.1893473202402713e-10	9.553773556028398e-11	8.44608966547438e-11	7.983290231749757e-11	7.983290231749757e-11	8.44608966547438e-11	9.553773556028397e-11	1.18934732024027e-10
1.1641532182693481e-10	0.32758233232502937	1.0384891753136906e-10	0.3275889974794025	0.32759721926429164	0.32758927200667315	0.3275964783535517	0.3275814008943883	0.3275915971441432	0.32758540281495596	0.32759315891604524	7.93901876227663e-11	1.182751774788151e-10	9.500792945019575e-11	8.399251734002812e-11	1.1827517747881516e-10	7.93901876227663e-11	8.399251734002812e-11	9.500792945019575e-11
2.3283064365386963e-10	0.3276162644211659	3.157233328482826e-11	0.3275775760838381	0.3275834023439021	0.3275839973884615	0.32760220163836157	0.32761630195456326	0.3276291688305789	0.3276364896990455	0.3276599116395641	1.964558474677835e-10	1.483256783682962e-11	9.176679243303084e-12	9.391547830485012e-12	9.391547830427905e-12	9.176679243306025e-12	1.4832567837005348e-11	1.964558474735726e-10
4.656612873077393e-10	0.3275755497524647	1.2581824542448632e-10	0.3275746920222834	0.32761078551568806	0.3276277293523403	0.327647709703741	0.3276679918456482	0.32768825475711855	0.32770815240318346	0.3277269498169738	1.4329639308141243e-10	1.1510693870474109e-10	1.0176120668100299e-10	9.618525015053708e-11	9.618525015053708e-11	1.0176120668100299e-10	1.151069387047411e-10	1.4329639308141237e-10
9.313225746154785e-10	0.3276551197859044	1.297583711382245e-08	0.3276653997314189	0.32765824603104265	0.3276519393398229	0.32764562752744	0.327639322005492	0.32763300510003884	0.327674780131198	0.3276726384207811	1.3181802782295822e-08	1.3181802782295822e-08	1.3181802782295822e-08	1.3181802782295822e-08	1.3181802782295822e-08	1.3181802782295822e-08	1.3181802782295822e-08	1.3181802782295822e-08
1.862645149230957e-09	0.32755913280090204	2.753761536278686e-08	0.32756390534324076	0.32760751218692646	0.3276587706151461	0.3277641113076955	0.3278074811222141	0.327796450247094	0.3278760520381807	0.327894484851653	3.13630264214659e-08	2.51932507319972e-08	2.2272294125388825e-08	2.1051894447285328e-08	2.1051894447285328e-08	2.2272294125388825e-08	2.5193250731997194e-08	3.1363026421465896e-08
3.725290298461914e-09	0.32757741393003453	4.5533476304188227e-08	0.3275603607225037	0.32770070459466083	0.3276996943739468	0.327704795872652	0.3277497491744331	0.32787662747382673	0.3279143833205719	0.3278282229189974	5.1858797560201095e-08	4.165706689262053e-08	3.6827262035505113e-08	3.480932986917606e-08	3.480932986917606e-08	3.6827262035505113e-08	4.1657066892620533e-08	5.1858797560201075e-08
7.450580596923828e-09	0.3277379647029417	3.716600955956461e-08	0.32790911572430526	0.32808322193751793	0.3277149334794355	0.3279449036953596	0.3277523240042862	0.3279528877470188	0.3278789366301478	0.32796891881805634	2.8412587653906773e-08	4.2328957117044784e-08	3.400194915959335e-08	3.005969418456804e-08	4.2328957117044784e-08	2.8412587653906773e-08	3.005969418456804e-08	3.400194915959336e-08
1.4901161193847656e-08	0.32741175897658076	1.6283478408728248e-07	0.32742329816307497	0.32830091861620786	0.3276459704267208	0.32820383370064077	0.3287825683696755	0.3285070626511709	0.32832648665636943	0.3286002200919909	1.9101323567350422e-07	1.7238016887905756e-07	1.3552573515151088e-07	1.3443771843404256e-07	6.628267703792196e-07	1.8815332931470546e-07	2.6074243659741105e-07	1.0452695748351988e-06
2.9802322387695312e-08	0.32567900499768637	7.819435844410368e-06	0.32460273698592784	0.32861107978150145	0.3295941565409238	0.32988279748093596	0.3281765544060264	0.32638762832730506	0.32597841467940225	0.3212559953274688	1.2247506150268909e-05	4.959733895563455e-06	4.652153498939364e-06	4.959733895563449e-06	4.959733895563449e-06	4.652153498939357e-06	4.959733895563453e-06	1.2247506150268922e-05
5.960464477539063e-08	0.3241389065619441	5.680671643786373e-06	0.3276353159594174	0.3249455280626827	0.32691573328917733	0.3251519702642812	0.32786281537451917	0.32482599886004676	0.32669426227806453	0.325985688469281	5.19705802999397e-06	4.594500577241047e-06	6.469806935298614e-06	6.469806935298618e-06	4.594500577241046e-06	5.19705802999397e-06	4.342747120953866e-06	4.342747120953866e-06
1.1920928955078125e-07	0.32500063593748485	2.959408090576079e-06	0.3267710250079951	0.3282391693497039	0.3264250814479951	0.32844247094209383	0.3246624999084248	0.32771120840796236	0.3261947892062033	0.3287433307842274	2.2624016614539873e-06	3.3705167609416546e-06	2.7074642833793624e-06	2.3935553809585666e-06	3.3705167609416575e-06	2.2624016614539878e-06	2.393555380958566e-06	2.707464283379362e-06
2.384185791015625e-07	0.3271447862763865	2.970000650240847e-06	0.3267593100158285	0.32736796672689433	0.32742723255797423	0.32702295239024004	0.32695033552888814	0.32727556703051275	0.32729380804314717	0.327061117917607	3.0171435177049873e-06	3.0171435177049873e-06	3.0171435177049873e-06	3.0171435177049873e-06	3.0171435177049873e-06	3.0171435177049873e-06	3.0171435177049873e-06	3.0171435177049873e-06
4.76837158203125e-07	0.3250112134488662	1.219639654430071e-05	0.32522456086669654	0.3248078658931451	0.32443442419527735	0.3247296303624769	0.32564999139154455	0.32476056759424	0.32572771633263736	0.32475495095491197	1.238999014024199e-05	1.238999014024199e-05	1.238999014024199e-05	1.238999014024199e-05	1.238999014024199e-05	1.238999014024199e-05	1.238999014024199e-05	1.238999014024199e-05
9.5367431640625e-07	0.3251920202801877	6.394345472620375e-07	0.3256648054132039	0.3261072188066815	0.32580200757957783	0.32613309605481916	0.3251879586226511	0.3258778258123366	0.32543215254446084	0.3264808134233422	4.888334889410622e-07	7.282621365856639e-07	5.849974539786481e-07	5.171716622130077e-07	7.282621365856639e-07	4.888334889410622e-07	5.171716622130078e-07	5.849974539786481e-07
1.9073486328125e-06	0.3287238763361095	4.9462744581564e-07	0.3285049794204088	0.3284817478278364	0.32781202233427187	0.32777957153978005	0.3276083167697259	0.327176443366973	0.3269358297639148	0.3264311478994942	5.633390345360742e-07	4.525182408568464e-07	4.0005235785895124e-07	3.7813168071599496e-07	3.7813168071599496e-07	4.0005235785895124e-07	4.525182408568465e-07	5.63339034536074e-07
3.814697265625e-06	0.32899808476054254	2.682538796054297e-06	0.32825625399495284	0.32802112969777925	0.3281556971213096	0.3261368523490299	0.3261217615667873	0.32483111244288565	0.3269108427903917	0.32227938255738986	3.0709234171972687e-06	2.6787214828491985e-06	2.2445256181165113e-06	2.1353426036530406e-06	3.322999579906514e-06	2.161223005418373e-06	3.213749560342116e-06	7.124224657023014e-06
7.62939453125e-06	0.3265035046515406	4.95529320038332e-06	0.3261185881213356	0.32647465263625136	0.32657367951358357	0.32699035989888314	0.32624678044607686	0.3265935588698159	0.32622884351332765	0.32680157421305095	5.033948648008452e-06	5.033948648008452e-06	5.033948648008452e-06	5.033948648008452e-06	5.033948648008452e-06	5.033948648008452e-06	5.033948648008452e-06	5.033948648008452e-06
1.52587890625e-05	0.3258617520678674	4.247834443472652e-06	0.3260920923068848	0.326667430051152	0.3269042409501803	0.3273889508127164	0.3281262102305747	0.32781762456764824	0.32803146039948444	0.33070276889360156	4.837925947091267e-06	3.886202809958559e-06	3.4356285711227844e-06	3.2473749507872888e-06	3.2473749507872888e-06	3.4356285711227835e-06	3.88620280995856e-06	4.837925947091266e-06
3.0517578125e-05	0.3264787297690171	3.146207859761628e-06	0.32626071311409083	0.326740925734918	0.3268406834553863	0.3262899777604194	0.32651216526970167	0.3261889360119473	0.3266222054030234	0.3263742314026497	3.1961476670594316e-06	3.1961476670594316e-06	3.1961476670594316e-06	3.1961476670594316e-06	3.1961476670594316e-06	3.1961476670594316e-06	3.1961476670594316e-06	3.1961476670594316e-06
6.103515625e-05	0.32626858000556963	2.544254586380668e-07	0.3285065314051263	0.32851272429926476	0.3270162275958467	0.32674181239290906	0.32657622323118335	0.32734667728898736	0.32748621393223176	0.32851923835364527	2.924291438672024e-07	2.723996831346816e-07	2.2359323865236434e-07	3.545898197831525e-07	2.957841939240714e-07	2.0773030919151463e-07	1.9333979401985152e-07	2.5833625837685804e-07
0.0001220703125	0.3240562008271656	4.568813287791387e-07	0.32664802016764827	0.32655326403984897	0.32548812777899633	0.3276606066539647	0.324667007759814	0.32647179762877954	0.327032518777963	0.32815959593075167	8.161685359133007e-07	7.102226723906323e-07	3.4422724165510894e-07	1.177729346343988e-06	8.33508797676377e-07	4.3034475331366674e-07	3.941669438928866e-07	3.934795386503702e-07
0.000244140625	0.32471255361174517	1.8299534757264043e-05	0.324451197563276	0.3241575056472882	0.32456013425452096	0.3247591935217898	0.3245170173234883	0.3260174342140229	0.32490489188647	0.32433305448310507	1.85900035629349e-05	1.85900035629349e-05	1.85900035629349e-05	1.85900035629349e-05	1.85900035629349e-05	1.85900035629349e-05	1.85900035629349e-05	1.85900035629349e-05
0.00048828125	0.32102566643498426	2.4730892351733737e-05	0.32107239243787805	0.31970026342266256	0.32192162162714666	0.3211235155477356	0.3213341398043262	0.32054965192374085	0.32098244997173137	0.3215212967446532	2.5123446198586654e-05	2.5123446198586654e-05	2.5123446198586654e-05	2.5123446198586654e-05	2.5123446198586654e-05	2.5123446198586654e-05	2.5123446198586654e-05	2.5123446198586654e-05
0.0009765625	0.3165959450842852	4.1830349505470366e-05	0.3187661760560954	0.3287009606564505	0.3136356331483111	0.3196320462517377	0.31220695811891924	0.3084051024234047	0.31412117065012624	0.32522499368793467	4.0275277581792414e-05	6.477450381328777e-05	2.624351709249132e-05	6.058856882637742e-05	6.874865345847307e-05	2.8549563436683398e-05	2.4768364365616815e-05	3.70346375052002e-05
0.001953125	0.30051806485218224	0.00015366423700018003	0.3257756757125861	0.3066472490523137	0.317910871994486	0.30412948772667736	0.3222088098533516	0.30623735603565566	0.31801986426703277	0.3121344033608505	0.00014058231260351194	0.00012428291404078596	0.00017501063405743326	0.0001750106340574334	0.00012428291404078593	0.00014058231260351194	0.00011747289135361958	0.00011747289135361958
0.00390625	0.29288163445506077	0.0005383966742822227	0.31667734952292625	0.30278930658697517	0.32654825940993015	0.2990684622141073	0.3245791110721608	0.29455823859205615	0.3110840811553649	0.3129161912901217	0.0004925612559319574	0.00043545270451955654	0.0006131885022826409	0.000613188502282641	0.00043545270451955654	0.0004925612559319575	0.0004115922823541014	0.0004115922823541014
0.0078125	0.31907444743782903	0.0012344198150602693	0.31978307943344003	0.31572568483471714	0.3257202552667235	0.3218562183808863	0.3208750078396869	0.31349313419633645	0.31236450982483577	0.3227776897260061	0.0012540137803786862	0.0012540137803786862	0.0012540137803786862	0.0012540137803786862	0.0012540137803786862	0.0012540137803786862	0.0012540137803786862	0.0012540137803786862
0.015625	0.30111755092594406	0.000773391183297124	0.3010647689804783	0.30094632478928574	0.3003578649991165	0.29630221709308613	0.3034303217552447	0.30815658945297014	0.29677175612640755	0.3019105642109632	0.0007856672338256498	0.0007856672338256498	0.0007856672338256498	0.0007856672338256498	0.0007856672338256498	0.0007856672338256498	0.0007856672338256498	0.0007856672338256498
0.03125	0.31307258355941375	0.0014464228103039543	0.28749987677768746	0.3340422384664648	0.33652979652423304	0.34309462298142585	0.3567877429607434	0.3608589583608847	0.35307268007216996	0.37567141265718923	0.0016473538546651748	0.0013232842439113697	0.0011698599837477327	0.0011057580668300485	0.0011057580668300485	0.0011698599837477327	0.0013232842439113697	0.0016473538546651748
0.0625	0.3639770154340221	0.012726755473104541	0.36678865376198827	0.36469893798985	0.3555352956031769	0.36781205463416194	0.3876815591082743	0.3414978334849583	0.34882659990401105	0.37897518898575594	0.012928767464741121	0.012928767464741121	0.012928767464741121	0.012928767464741121	0.012928767464741121	0.012928767464741121	0.012928767464741121	0.012928767464741121
0.125	0.23880148507287774	0.003783431567992066	0.29697556744906023	0.3971166804370262	0.2607977593792356	0.33880189718046533	0.23297051355887038	0.32369176460070587	0.2913853452957345	0.31746520943150724	0.0028923492818310474	0.004309010154564622	0.0034613360257978107	0.003060021703966181	0.004309010154564622	0.0028923492818310483	0.003060021703966181	0.003461336025797811
0.25	0.4666878584607272	0.17252782712484185	0.4795417563036078	0.4940291711812365	0.48800154309536775	0.49010895110716834	0.5123858928751958	0.4339583768255137	0.3401463390812404	0.4953308372164874	0.1752663640633314	0.1752663640633314	0.1752663640633314	0.1752663640633314	0.1752663640633314	0.1752663640633314	0.1752663640633314	0.1752663640633314
0.5	1.3795388681594816	1.113386167104245	1.2474769317524084	0.3496458613231391	-0.025758528189152145	0.872483108930214	2.032833192335227	3.0812851541812316	4.871049732005108	8.658465333485085	1.7438859018175088	0.7062017288351857	0.6624062727833914	0.7062017288351873	0.7062017288351866	0.6624062727833913	0.7062017288351857	1.7438859018175066
