h	mu	var	mu_cv1	mu_cv2	mu_cv3	mu_cv4	mu_cv5	mu_cv6	mu_cv7	mu_cv8	var_cv1	var_cv2	var_cv3	var_cv4	var_cv5	var_cv6	var_cv7	var_cv8
1.7763568394002505e-15	0.33172786755546657	2.5266197689640737e-18	0.33172786924526576	0.33172787237320545	0.3317278746726842	0.3317278774275172	0.3317278794151844	0.3317278799783475	0.33172788066327674	0.3317278835233363	3.957419918202801e-18	1.602591537123446e-18	1.5032060154413717e-18	1.6025915371234471e-18	1.6025915371234417e-18	1.5032060154413713e-18	1.6025915371234442e-18	3.957419918202813e-18
3.552713678800501e-15	0.33172787026619155	1.4326927048336137e-17	0.3317278709514447	0.3317278741814134	0.3317278800233305	0.33172788242161283	0.3317278860820569	0.3317278887717253	0.3317278935004744	0.33172789458289914	1.631716420015779e-17	1.310723025914314e-17	1.1587551388517848e-17	1.0952617065859338e-17	1.0952617065859338e-17	1.158755138851785e-17	1.3107230259143141e-17	1.6317164200157783e-17
7.105427357601002e-15	0.3317278704651488	4.204532108900934e-18	0.3317278720872202	0.3317278803147432	0.3317278887024602	0.33172789368434064	0.3317279043900336	0.3317279069500698	0.3317279157597305	0.3317279181469808	4.8132746973029614e-18	4.198548964886695e-18	3.518003185826271e-18	3.3468729525064447e-18	5.2083714323654634e-18	3.3874371301331206e-18	5.037136177228724e-18	1.1166299389792945e-17
1.4210854715202004e-14	0.33172787217759286	4.94662908275869e-18	0.33172787954227123	0.33172789152324583	0.33172790359620896	0.331727918815491	0.3317279289462126	0.3317279462454928	0.33172796112057656	0.3317279716006534	8.85906502449136e-18	3.2363508057981037e-18	2.7826433576004174e-18	4.27846456491393e-18	4.059192850398954e-18	2.930463432263163e-18	4.9390521677599156e-18	1.244890998071999e-17
2.842170943040401e-14	0.33172787001033494	3.820125937826615e-18	0.33172788551223326	0.3317279106453521	0.3317279384502277	0.3317279663424998	0.3317279939831684	0.3317280217445759	0.3317280489601438	0.3317280770076894	4.350801953726551e-18	3.494906487419689e-18	3.0896999381536373e-18	2.9204013114054922e-18	2.9204013114054926e-18	3.0896999381536365e-18	3.4949064874196874e-18	4.35080195372655e-18
5.684341886080802e-14	0.3317278716814705	1.5657216389926629e-18	0.331727898967436	0.33172795102644265	0.3317280086729536	0.33172806416809664	0.3317281177001233	0.3317281732353673	0.33172822485606335	0.33172828136721627	2.759444373836574e-18	3.0814997610881317e-18	1.2265814408921034e-18	8.780068239854596e-19	1.0624615359193211e-18	1.5823517786562052e-18	9.427157214908492e-19	1.8607696526172246e-18
1.1368683772161603e-13	0.33172786981580316	1.0376352224234811e-17	0.3317279248148324	0.3317280330557286	0.3317281438822196	0.3317282519097377	0.3317283615422049	0.33172847166741976	0.33172858159436786	0.3317286900412391	1.181779194312119e-17	9.492980413326857e-18	8.392345003086063e-18	7.932490482369017e-18	7.932490482369017e-18	8.39234500308606e-18	9.492980413326855e-18	1.1817791943121192e-17
2.2737367544323206e-13	0.331727872295275	2.4974382820548538e-18	0.3317279799584957	0.3317281985582865	0.33172841610886294	0.33172863366329136	0.3317288512120334	0.3317290697243514	0.33172928736781937	0.33172950490948694	2.844372026922666e-18	2.284823431462468e-18	2.0199163669450806e-18	1.9092360180713773e-18	1.9092360180713773e-18	2.01991636694508e-18	2.2848234314624677e-18	2.844372026922663e-18
4.547473508864641e-13	0.3317278707650412	1.979341572091761e-18	0.33172808657458963	0.33172852454329105	0.3317289606945687	0.3317293971167847	0.331729834148584	0.331730270718889	0.3317307068613984	0.3317311441293592	2.2543034756200953e-18	1.8108339394325354e-18	1.6008821783389083e-18	1.5131626069230774e-18	1.5131626069230774e-18	1.600882178338908e-18	1.810833939432535e-18	2.2543034756200945e-18
9.094947017729282e-13	0.3317282356811637	2.1254815775872719e-13	0.3317287028768428	0.3317291329171699	0.33172968868047914	0.3317302771118863	0.3317310547258979	0.3317316424632487	0.33173219821168387	0.3317326295050378	2.4207446432087277e-13	1.944532582249633e-13	1.7190795292351826e-13	1.6248833906469535e-13	1.6248833906469535e-13	1.7190795292351829e-13	1.944532582249633e-13	2.4207446432087267e-13
1.8189894035458565e-12	0.3317237990881047	2.5223046055195302e-11	0.33172395997587234	0.3317302114702305	0.33173544294748425	0.33173991723989155	0.3317424370899604	0.331746957268454	0.33175177681465307	0.3317577966183273	2.8726926766794796e-11	2.307572805857286e-11	2.0400281327144125e-11	1.9282457692780068e-11	1.9282457692780064e-11	2.0400281327144125e-11	2.3075728058572868e-11	2.8726926766794793e-11
3.637978807091713e-12	0.3317438109650737	3.63494639476319e-10	0.33174584020825243	0.3317455403109794	0.3317429498157212	0.3317424512382833	0.3317419520759197	0.3317465069510441	0.33174600848855434	0.33173923863183497	3.6926439565848277e-10	3.6926439565848277e-10	3.6926439565848277e-10	3.6926439565848277e-10	3.6926439565848277e-10	3.6926439565848277e-10	3.6926439565848277e-10	3.6926439565848277e-10
7.275957614183426e-12	0.3317352613285477	2.1619610628762714e-10	0.33174553218385466	0.3317371368269319	0.3317610319921794	0.33174916326571163	0.33176452536029377	0.33174010049847386	0.3317811790987258	0.33177788089980326	2.459029629858137e-10	2.0092958558243026e-10	2.2616955885036917e-10	2.3903838324375305e-10	2.0266650229741956e-10	2.637081278663278e-10	2.2546360633409684e-10	2.457527984004859e-10
1.4551915228366852e-11	0.33174840397982935	1.6372033240788275e-10	0.331695894898842	0.3317357407286066	0.33174619136063155	0.33176406611661585	0.33178579378921624	0.3317800541495894	0.3317711978775656	0.33178954230721713	1.0187342304095076e-09	7.69152192462758e-11	4.758625099257498e-11	4.870046565005513e-11	4.870046564973723e-11	4.758625099255654e-11	7.691521924691299e-11	1.0187342304350109e-09
2.9103830456733704e-11	0.3317545680591021	1.2909350985424867e-10	0.33176047682367754	0.33176542671390713	0.3317713291017823	0.33177978328147095	0.3317863863482871	0.3317977831260843	0.3318050469091304	0.3318012120645543	1.4702664363123803e-10	1.181033694742732e-10	1.0441022518740095e-10	9.868911695795433e-11	9.868911695795433e-11	1.0441022518740096e-10	1.1810336947427324e-10	1.4702664363123808e-10
5.820766091346741e-11	0.33178187804832865	1.5255881479765783e-10	0.3317622148965229	0.33177555807238573	0.33177921696350676	0.3317954109634538	0.33181641474430923	0.3318281949635673	0.3318555649014751	0.3318401785755273	4.227867775584341e-10	7.168357128161393e-11	7.701320483415045e-11	6.535189937030284e-11	6.535189937030198e-11	7.701320483415075e-11	7.168357128160785e-11	4.2278677755885846e-10
1.1641532182693481e-10	0.33190682450289516	1.8888212042155908e-08	0.3319507176689349	0.3318431084900281	0.33177068748520805	0.33171189493658143	0.331655364724561	0.33166071695209426	0.33160601943300666	0.33152304490334594	2.1512083945108703e-08	1.7280198578857813e-08	1.5276697294352553e-08	1.4439617990552416e-08	1.4439617990552416e-08	1.5276697294352553e-08	1.728019857885781e-08	2.1512083945108703e-08
2.3283064365386963e-10	0.33143449406314135	2.546512210504628e-08	0.3318996137617061	0.3316589158504488	0.3315872193200602	0.33143010826673697	0.3316863802818417	0.3315649774617199	0.33166617750198035	0.33182923810807236	2.6254570179459684e-08	2.231790147945039e-08	2.8313441412637254e-08	3.0901790118052716e-08	2.809208980142578e-08	2.1686350237870845e-08	1.7640242495079054e-08	2.5389282008619745e-08
4.656612873077393e-10	0.33164975928970547	2.97801778055886e-08	0.3316265717197511	0.331671526395811	0.33167515139941467	0.33164447036622646	0.33162951664081247	0.33163099206311064	0.3316361653501796	0.33168368038233764	3.025287904059794e-08	3.025287904059794e-08	3.025287904059794e-08	3.025287904059794e-08	3.025287904059794e-08	3.025287904059794e-08	3.025287904059794e-08	3.025287904059794e-08
9.313225746154785e-10	0.3314510697130876	3.405274121447488e-08	0.33179019838695356	0.3315838329746637	0.3319055587287656	0.33157266918043976	0.33173439445161795	0.33147660063719303	0.33174304096865115	0.3316329308909718	3.115372323369031e-08	2.7541697351523324e-08	3.8783206474594066e-08	3.878320647459408e-08	2.7541697351523314e-08	3.115372323369031e-08	2.6032563250069986e-08	2.6032563250069986e-08
1.862645149230957e-09	0.33171544011903065	3.409211900390033e-08	0.3317583011014789	0.331701269149636	0.3317001779634426	0.3317138229836627	0.33174956808877093	0.3316892785980344	0.3317078986321836	0.33170320443503587	3.4633263749993985e-08	3.4633263749993985e-08	3.4633263749993985e-08	3.4633263749993985e-08	3.4633263749993985e-08	3.4633263749993985e-08	3.4633263749993985e-08	3.4633263749993985e-08
3.725290298461914e-09	0.3317776507900349	2.8674612290556356e-11	0.33173356743913734	0.3318891871309423	0.3316392256788354	0.3318707061463692	0.33165915082533143	0.3318270427544796	0.331709470706283	0.3319697708695089	1.6557652022048164e-11	8.83258680130563e-12	1.473403514184676e-11	4.549241784101611e-12	1.1652874177675088e-11	3.74817270563936e-12	6.266198477349763e-12	2.96966672025684e-10
7.450580596923828e-09	0.3316317787565046	4.7332774715700125e-09	0.3316335462374052	0.3316176451302296	0.3316288867181384	0.3316463222117246	0.3316368725006568	0.3316284768963093	0.33162284782658086	0.3316396325309917	4.808408860007631e-09	4.808408860007631e-09	4.808408860007631e-09	4.808408860007631e-09	4.808408860007631e-09	4.808408860007631e-09	4.808408860007631e-09	4.808408860007631e-09
1.4901161193847656e-08	0.33176848394890013	8.082350378270111e-09	0.33176310696549954	0.33179220919327096	0.33175969713270603	0.33175916606251804	0.33175902188229955	0.33177940430337166	0.3317731224687896	0.33176214358274564	8.210641654115668e-09	8.210641654115668e-09	8.210641654115668e-09	8.210641654115668e-09	8.210641654115668e-09	8.210641654115668e-09	8.210641654115668e-09	8.210641654115668e-09
2.9802322387695312e-08	0.3317794642675833	5.975054383125833e-09	0.3317845053966869	0.33177751812329814	0.33176128741095884	0.3317759556606853	0.3317789263915596	0.3317776118522501	0.33179898269431995	0.33178092661090774	6.069896516191322e-09	6.069896516191322e-09	6.069896516191322e-09	6.069896516191322e-09	6.069896516191322e-09	6.069896516191322e-09	6.069896516191322e-09	6.069896516191322e-09
5.960464477539063e-08	0.33170981080077067	1.0352274080823523e-08	0.3317127531513616	0.3317258558923962	0.3317099417288139	0.3316877480034471	0.33172839635120505	0.3317079349061298	0.3316952468616338	0.33171060951117715	1.0516595891630245e-08	1.0516595891630245e-08	1.0516595891630245e-08	1.0516595891630245e-08	1.0516595891630245e-08	1.0516595891630245e-08	1.0516595891630245e-08	1.0516595891630245e-08
1.1920928955078125e-07	0.33164205755788567	2.558491919956322e-08	0.33163481035642356	0.33165734430820537	0.331666822808574	0.33162959173649637	0.331670132061266	0.3316451948017328	0.3316220787162499	0.331610485674137	2.599102902812771e-08	2.599102902812771e-08	2.599102902812771e-08	2.599102902812771e-08	2.599102902812771e-08	2.599102902812771e-08	2.599102902812771e-08	2.599102902812771e-08
2.384185791015625e-07	0.3318204959644874	1.83596861521275e-08	0.3318584922539259	0.33182198544040314	0.331800122452368	0.33180725225203944	0.33183005218577266	0.33180662697229274	0.3318174711347212	0.3318219650243765	1.8651109741843808e-08	1.8651109741843808e-08	1.8651109741843808e-08	1.8651109741843808e-08	1.8651109741843808e-08	1.8651109741843808e-08	1.8651109741843808e-08	1.8651109741843808e-08
4.76837158203125e-07	0.33172862011477505	1.9788432096471885e-08	0.3317165831262227	0.3317197422397147	0.331771227416722	0.3317330414816484	0.3317134481754361	0.33172804881006174	0.3317326514494901	0.33171421821890423	2.010253419324128e-08	2.010253419324128e-08	2.010253419324128e-08	2.010253419324128e-08	2.010253419324128e-08	2.010253419324128e-08	2.010253419324128e-08	2.010253419324128e-08
9.5367431640625e-07	0.331823106181861	2.2712551067549033e-08	0.33170677066649845	0.33153388195348404	0.33172925260285474	0.33161205879549405	0.33177480041190216	0.3316113912490735	0.33175249434281867	0.33154407208078307	1.736324011369411e-08	2.586768425101368e-08	2.0778959480322454e-08	1.8369804757966237e-08	2.5867684251013667e-08	1.736324011369411e-08	1.8369804757966234e-08	2.077895948032246e-08
1.9073486328125e-06	0.3318200327771019	2.0192275354249578e-08	0.33168857521361417	0.3317436026659306	0.33158769302797897	0.3317964157134575	0.3316186637653016	0.33179514234233176	0.3317120373684597	0.3317140858483272	1.8473242840648602e-08	1.6331417583761806e-08	2.2997302311827852e-08	2.2997302311827862e-08	1.6331417583761806e-08	1.84732428406486e-08	1.5436545387391298e-08	1.5436545387391294e-08
3.814697265625e-06	0.33161581547735586	3.000781510534349e-08	0.3316207071852518	0.3315712717540822	0.331618662902555	0.3316259546944199	0.3316255318186707	0.331589942328601	0.3316348944825919	0.33163955865267425	3.0484129630825135e-08	3.0484129630825135e-08	3.0484129630825135e-08	3.0484129630825135e-08	3.0484129630825135e-08	3.0484129630825135e-08	3.0484129630825135e-08	3.0484129630825135e-08
7.62939453125e-06	0.331483115264118	5.744696031788507e-08	0.33156757786926594	0.3315014292218155	0.33180458585520023	0.33136571419034394	0.33151401927034735	0.33134774394717487	0.33127372914935155	0.33132281305961997	4.9975365336975895e-08	4.3796031137658984e-08	4.548319766623647e-08	4.9975365336975994e-08	3.2834336206332934e-08	3.694397932994176e-08	3.813732455728846e-08	4.548319766623648e-08
1.52587890625e-05	0.33171981323304234	1.001248157698742e-07	0.33178289996862653	0.33155873292306315	0.3314786432492234	0.3314495745227771	0.33142693701374343	0.33140430868062476	0.331170457110069	0.3310480933604907	1.14033738980846e-07	9.160087229608937e-08	8.098048130523843e-08	7.654319465837605e-08	7.654319465837605e-08	8.098048130523843e-08	9.160087229608937e-08	1.1403373898084592e-07
3.0517578125e-05	0.33184445386029676	2.0761533320184789e-07	0.3316887866242358	0.33164744401304064	0.33138796818359745	0.33135782538146646	0.3312257308001139	0.33108471507581905	0.3309929460780349	0.3303342912390291	2.3645639228116634e-07	1.899403806848713e-07	1.6791830756198763e-07	1.5871730440790613e-07	1.5871730440790613e-07	1.6791830756198763e-07	1.8994038068487126e-07	2.364563922811663e-07
6.103515625e-05	0.33202666741002795	1.5431621708764733e-07	0.33211026572874197	0.33149521160455125	0.33082607152923926	0.33083620469800895	0.33002240278099454	0.33062372884257335	0.3302634717811646	0.32994588594911617	2.763694990347866e-07	1.0096196928531419e-07	8.680800384764067e-08	1.3347199791112098e-07	1.2663154536613365e-07	9.141943404584895e-08	1.5407984584568848e-07	3.883591558916732e-07
0.0001220703125	0.3313168032388818	4.1737643935097556e-07	0.3314359840482861	0.3307550809541452	0.3305882833878276	0.33005629576395784	0.3298061281645862	0.3296674392432865	0.32936739898026507	0.3287601642536472	4.753566393679648e-07	3.8184385785295535e-07	3.3757210621783013e-07	3.190750045072641e-07	3.190750045072641e-07	3.3757210621783013e-07	3.8184385785295545e-07	4.7535663936796496e-07
0.000244140625	0.3316128760026187	4.5514250527212096e-06	0.3284236843384347	0.3302093482233724	0.3279474282580627	0.330925424864559	0.32873372503240406	0.3311639711247936	0.3301245351891099	0.3299288506912265	4.1639477867082334e-06	3.6811712317275678e-06	5.183690101820451e-06	5.183690101820457e-06	3.6811712317275678e-06	4.163947786708233e-06	3.479463219030167e-06	3.479463219030167e-06
0.00048828125	0.3397352230537761	6.598197286138279e-06	0.32573854439252764	0.3294458064684452	0.3126271598429004	0.33234033549771946	0.32312404121543875	0.3294577205052875	0.32515630504799964	0.321819145081244	4.325959181874456e-06	5.51904830313571e-06	1.922886059382803e-05	1.1030754819422784e-06	1.4368913202075644e-06	8.907339523940593e-07	8.787505871284873e-07	7.249529578399093e-06
0.0009765625	0.32252960424415433	2.0210613675446713e-05	0.3253815887798075	0.33104674698882747	0.317869419546314	0.3370703253138423	0.31239130915654484	0.32359995143581743	0.31587351836826444	0.32133449510010753	1.701133198480917e-05	1.1372581835582717e-05	3.4620869897165284e-05	1.7843178566297526e-05	1.2259356548310925e-05	7.841839872385241e-06	8.620426602441204e-06	2.0093466653063077e-05
0.001953125	0.31811000452765764	0.00019727823490703255	0.3372469335844593	0.31259974614291136	0.32611808496897976	0.31302187756195904	0.3187977571267741	0.3041564096358496	0.30167180363712387	0.30686398784801344	0.000171620078903344	0.00015039966729242055	0.00015619355495697602	0.00017162007890334405	0.00011275618162015765	0.00012686908049308485	0.0001309671396207215	0.00015619355495697602
0.00390625	0.3320629714626696	0.0003348055564094376	0.3319010256535089	0.31652677894900366	0.3424090812058451	0.32032327888613343	0.35058746790103407	0.320851875434593	0.32903666243681895	0.3234176561073243	0.00014211404340695865	0.00017149016368387543	0.0001603363318995584	0.0001714901636838752	0.00017149016368387505	0.0001421140434069586	0.00011563878519477281	0.0001421140434069587
0.0078125	0.32164209996194404	0.0005983890928172593	0.3225272134699481	0.31942601327010417	0.3212020199933189	0.3258285054230785	0.32534367336814546	0.32312788851492263	0.31587072449648584	0.31981076115954843	0.0006078873323857873	0.0006078873323857873	0.0006078873323857873	0.0006078873323857873	0.0006078873323857873	0.0006078873323857873	0.0006078873323857873	0.0006078873323857873
0.015625	0.3077127318145988	0.00014428281037770952	0.30647179315529854	0.3081363485771883	0.3091481027101683	0.3083608428080524	0.3043089948363159	0.30903680988953314	0.308595091910347	0.3076438706298865	0.00014657301371703824	0.00014657301371703824	0.00014657301371703824	0.00014657301371703824	0.00014657301371703824	0.00014657301371703824	0.00014657301371703824	0.00014657301371703824
0.03125	0.32849790439896037	0.0012026913972901217	0.32582048881810927	0.3281494620289652	0.33170471926951994	0.3261593499930248	0.33746854457010206	0.33087505439432185	0.3230881881010634	0.3247174280165763	0.0012217817369296474	0.0012217817369296474	0.0012217817369296474	0.0012217817369296474	0.0012217817369296474	0.0012217817369296474	0.0012217817369296474	0.0012217817369296474
0.0625	0.34994973254161243	0.009754863672597534	0.3450122224973687	0.35115201814813857	0.3387659520608588	0.3463906492160452	0.36455317328362247	0.3273414046585123	0.36299968957273476	0.3633827508956186	0.00990970277851178	0.00990970277851178	0.00990970277851178	0.00990970277851178	0.00990970277851178	0.00990970277851178	0.00990970277851178	0.00990970277851178
0.125	0.3238714471454717	0.005697804973835784	0.32043920246917373	0.32438470807792635	0.31222210586245597	0.32593874313965693	0.3315792302266598	0.333079766504051	0.33611307555518155	0.30721474532866816	0.005788246322626828	0.005788246322626828	0.005788246322626828	0.005788246322626828	0.005788246322626828	0.005788246322626828	0.005788246322626828	0.005788246322626828
0.25	0.45946644760164806	0.172551160934558	0.47721748075212567	0.4880113224750707	0.4799041631516671	0.48225767588593665	0.5025920934852798	0.4262513624169733	0.33249123162325783	0.48700625102287365	0.17529006825097956	0.17529006825097956	0.17529006825097956	0.17529006825097956	0.17529006825097956	0.17529006825097956	0.17529006825097956	0.17529006825097956
0.5	1.371724205819975	1.1079454276714673	1.2498323294553406	0.34158078480232323	-0.02985388408564214	0.8669219593013628	2.0285459841224247	3.07793244401798	4.8661915808195655	8.645624682285947	1.7353641246725575	0.7027507612310456	0.6591693186740815	0.7027507612310475	0.7027507612310439	0.6591693186740827	0.7027507612310456	1.7353641246725893
