dt	solver_reference	solver_impedance	run_time	y
1e-12	1e-12	1e-12	3.368947400002071	0.4753407156513918
1e-12	1e-12	2e-12	3.104042399998434	0.47534071565069924
1e-12	1e-12	3e-12	2.368620400000509	0.4753407156500218
1e-12	1e-12	4e-12	2.40031910000107	0.47534071564933367
1e-12	1e-12	5e-12	2.4949472999978752	0.47534071564864144
1e-12	1e-12	5.9999999999999995e-12	2.7384191999990435	0.4753407156479522
1e-12	1e-12	7e-12	2.5146803999996337	0.4753407156472669
1e-12	1e-12	8e-12	4.252135499998985	0.4753407156465848
1e-12	1e-12	9e-12	2.9572854999969422	0.4753407156458904
1e-12	1e-12	1e-11	2.911995600003138	0.4753407156452036
1e-12	2e-12	1e-12	2.655371799999557	0.4753407156520223
1e-12	2e-12	2e-12	2.7817976999976963	0.475340715651331
1e-12	2e-12	3e-12	2.9117904999984603	0.47534071565064395
1e-12	2e-12	4e-12	2.604463499999838	0.4753407156499524
1e-12	2e-12	5e-12	2.680723000001308	0.4753407156492603
1e-12	2e-12	5.9999999999999995e-12	2.5223648000028334	0.47534071564857333
1e-12	2e-12	7e-12	3.1084021000024222	0.47534071564787916
1e-12	2e-12	8e-12	3.6010096999998495	0.47534071564719926
1e-12	2e-12	9e-12	4.069089199998416	0.4753407156465103
1e-12	2e-12	1e-11	3.7296602000023995	0.47534071564582975
1e-12	3e-12	1e-12	2.9213920999973197	0.475340715652625
1e-12	3e-12	2e-12	2.9347053000019514	0.47534071565193725
1e-12	3e-12	3e-12	3.2490852999981144	0.4753407156512507
1e-12	3e-12	4e-12	3.1274374000022362	0.4753407156505709
1e-12	3e-12	5e-12	2.8061096999990696	0.4753407156498862
1e-12	3e-12	5.9999999999999995e-12	3.444812499998079	0.47534071564919667
1e-12	3e-12	7e-12	3.0402321000001393	0.4753407156485014
1e-12	3e-12	8e-12	2.862726499999553	0.4753407156478152
1e-12	3e-12	9e-12	2.807010900000023	0.47534071564712943
1e-12	3e-12	1e-11	2.84174129999883	0.4753407156464411
1e-12	4e-12	1e-12	3.015510399996856	0.47534071565325337
1e-12	4e-12	2e-12	3.1029689999995753	0.47534071565256164
1e-12	4e-12	3e-12	2.9232350000020233	0.4753407156518652
1e-12	4e-12	4e-12	2.7456936000016867	0.4753407156511847
1e-12	4e-12	5e-12	3.3165513000021747	0.47534071565048996
1e-12	4e-12	5.9999999999999995e-12	3.7098513999990246	0.4753407156498031
1e-12	4e-12	7e-12	3.725499000000127	0.47534071564911834
1e-12	4e-12	8e-12	2.7598526000001584	0.4753407156484323
1e-12	4e-12	9e-12	2.4003572999972675	0.47534071564774144
1e-12	4e-12	1e-11	2.364964399999735	0.4753407156470558
1e-12	5e-12	1e-12	2.506226699999388	0.4753407156538626
1e-12	5e-12	2e-12	3.7547346000028483	0.4753407156531759
1e-12	5e-12	3e-12	2.834906600000977	0.4753407156524959
1e-12	5e-12	4e-12	2.5143711999990046	0.4753407156518124
1e-12	5e-12	5e-12	2.459102900000289	0.47534071565112695
1e-12	5e-12	5.9999999999999995e-12	2.481254499998613	0.47534071565043556
1e-12	5e-12	7e-12	2.6118008000012196	0.4753407156497424
1e-12	5e-12	8e-12	2.6578307000017958	0.47534071564905456
1e-12	5e-12	9e-12	2.4301314000003913	0.47534071564836833
1e-12	5e-12	1e-11	2.533215999999811	0.4753407156476833
1e-12	5.9999999999999995e-12	1e-12	2.406724500000564	0.47534071565448194
1e-12	5.9999999999999995e-12	2e-12	2.6090145999987726	0.47534071565379704
1e-12	5.9999999999999995e-12	3e-12	2.4874717999991844	0.47534071565310565
1e-12	5.9999999999999995e-12	4e-12	2.422489000000496	0.47534071565242586
1e-12	5.9999999999999995e-12	5e-12	2.452212899999722	0.4753407156517383
1e-12	5.9999999999999995e-12	5.9999999999999995e-12	2.4236556999967434	0.47534071565105707
1e-12	5.9999999999999995e-12	7e-12	2.5088508000008005	0.47534071565037367
1e-12	5.9999999999999995e-12	8e-12	2.3565896000000066	0.47534071564967934
1e-12	5.9999999999999995e-12	9e-12	2.462018700000044	0.47534071564898817
1e-12	5.9999999999999995e-12	1e-11	2.504739199997857	0.4753407156482975
1e-12	7e-12	1e-12	2.425140100000135	0.4753407156550901
1e-12	7e-12	2e-12	2.809475799997017	0.4753407156544124
1e-12	7e-12	3e-12	4.413873800000147	0.47534071565372915
1e-12	7e-12	4e-12	3.7559772999993584	0.4753407156530445
1e-12	7e-12	5e-12	3.6502020999978413	0.47534071565235914
1e-12	7e-12	5.9999999999999995e-12	3.7927005999990797	0.47534071565166613
1e-12	7e-12	7e-12	3.657641000001604	0.47534071565097846
1e-12	7e-12	8e-12	3.6929315000015777	0.475340715650304
1e-12	7e-12	9e-12	3.7072704000020167	0.475340715649606
1e-12	7e-12	1e-11	2.760616100000334	0.4753407156489221
1e-12	8e-12	1e-12	2.739067700000305	0.4753407156557253
1e-12	8e-12	2e-12	2.6440411000003223	0.47534071565503144
1e-12	8e-12	3e-12	3.595983700000943	0.47534071565434033
1e-12	8e-12	4e-12	3.3015386999977636	0.4753407156536475
1e-12	8e-12	5e-12	2.5987376000011864	0.47534071565297203
1e-12	8e-12	5.9999999999999995e-12	2.537947400000121	0.47534071565228303
1e-12	8e-12	7e-12	2.6417694999981904	0.4753407156516021
1e-12	8e-12	8e-12	2.5186251000013726	0.4753407156509077
1e-12	8e-12	9e-12	2.856434299999819	0.4753407156502349
1e-12	8e-12	1e-11	2.4556019000010565	0.47534071564955055
1e-12	9e-12	1e-12	2.4354962000033993	0.47534071565633607
1e-12	9e-12	2e-12	2.4327069999999367	0.47534071565565666
1e-12	9e-12	3e-12	2.4691036000003805	0.47534071565495933
1e-12	9e-12	4e-12	2.9592004000005545	0.47534071565427477
1e-12	9e-12	5e-12	2.8220965000000433	0.47534071565358704
1e-12	9e-12	5.9999999999999995e-12	2.64012300000104	0.47534071565290065
1e-12	9e-12	7e-12	2.535404499998549	0.4753407156522084
1e-12	9e-12	8e-12	2.6070010000003094	0.4753407156515328
1e-12	9e-12	9e-12	2.585460199999943	0.4753407156508389
1e-12	9e-12	1e-11	2.604194200001075	0.4753407156501594
1e-12	1e-11	1e-12	2.6749657000000298	0.4753407156569538
1e-12	1e-11	2e-12	2.619549700000789	0.47534071565627645
1e-12	1e-11	3e-12	2.8341776999986905	0.4753407156555807
1e-12	1e-11	4e-12	2.6956215999998676	0.47534071565490205
1e-12	1e-11	5e-12	2.647932200001378	0.4753407156542079
1e-12	1e-11	5.9999999999999995e-12	3.0901063999990583	0.4753407156535183
1e-12	1e-11	7e-12	2.85409989999971	0.47534071565282854
1e-12	1e-11	8e-12	2.668497300001036	0.4753407156521398
1e-12	1e-11	9e-12	2.605668300002435	0.475340715651458
1e-12	1e-11	1e-11	2.6935133000006317	0.4753407156507713
2e-12	1e-12	1e-12	2.951745700000174	0.47534068463292384
2e-12	1e-12	2e-12	2.618859500002145	0.4753406846322388
2e-12	1e-12	3e-12	2.4774309000022186	0.4753406846315423
2e-12	1e-12	4e-12	2.583973500000866	0.47534068463086215
2e-12	1e-12	5e-12	3.2142989999993006	0.4753406846301744
2e-12	1e-12	5.9999999999999995e-12	3.3250444999976025	0.47534068462949064
2e-12	1e-12	7e-12	3.2449373999988893	0.4753406846288053
2e-12	1e-12	8e-12	3.433131100002356	0.4753406846281151
2e-12	1e-12	9e-12	3.716689300003054	0.4753406846274257
2e-12	1e-12	1e-11	4.475286299999425	0.47534068462673
2e-12	2e-12	1e-12	4.020694800001365	0.4753406846335384
2e-12	2e-12	2e-12	2.9595741000011913	0.4753406846328472
2e-12	2e-12	3e-12	3.6471392000021297	0.4753406846321615
2e-12	2e-12	4e-12	3.1641251999972155	0.4753406846314665
2e-12	2e-12	5e-12	2.9204343000019435	0.475340684630783
2e-12	2e-12	5.9999999999999995e-12	2.8724795000016456	0.47534068463010454
2e-12	2e-12	7e-12	3.233836400002474	0.47534068462942514
2e-12	2e-12	8e-12	2.7745118999991973	0.4753406846287316
2e-12	2e-12	9e-12	3.4286625999993703	0.4753406846280519
2e-12	2e-12	1e-11	3.2964356999982556	0.47534068462735707
2e-12	3e-12	1e-12	3.6548344000002544	0.47534068463416107
2e-12	3e-12	2e-12	2.499210400001175	0.4753406846334808
2e-12	3e-12	3e-12	2.4590384000002814	0.4753406846327958
2e-12	3e-12	4e-12	3.535862699998688	0.47534068463210377
2e-12	3e-12	5e-12	2.8235504000003857	0.4753406846314116
2e-12	3e-12	5.9999999999999995e-12	2.61640140000236	0.47534068463072143
2e-12	3e-12	7e-12	3.4515105999998923	0.4753406846300299
2e-12	3e-12	8e-12	3.435567799999262	0.4753406846293535
2e-12	3e-12	9e-12	4.414102300001105	0.4753406846286591
2e-12	3e-12	1e-11	3.199792100000195	0.4753406846279712
2e-12	4e-12	1e-12	3.365874499999336	0.47534068463479073
2e-12	4e-12	2e-12	4.2707233000001	0.4753406846341
2e-12	4e-12	3e-12	4.066910699999426	0.4753406846334135
2e-12	4e-12	4e-12	3.982925600001181	0.4753406846327311
2e-12	4e-12	5e-12	4.05450479999854	0.47534068463204504
2e-12	4e-12	5.9999999999999995e-12	3.6200856999967073	0.47534068463135
2e-12	4e-12	7e-12	3.7816604999970878	0.475340684630647
2e-12	4e-12	8e-12	3.446142900000268	0.4753406846299644
2e-12	4e-12	9e-12	3.1069172999996226	0.47534068462928564
2e-12	4e-12	1e-11	3.888208600001235	0.4753406846285964
2e-12	5e-12	1e-12	4.073729799998546	0.47534068463540025
2e-12	5e-12	2e-12	3.4771701999998186	0.4753406846347112
2e-12	5e-12	3e-12	3.804314000000886	0.4753406846340247
2e-12	5e-12	4e-12	3.851792800000112	0.4753406846333418
2e-12	5e-12	5e-12	4.120941400000447	0.47534068463265483
2e-12	5e-12	5.9999999999999995e-12	5.511283600000752	0.47534068463196844
2e-12	5e-12	7e-12	5.355499500001315	0.47534068463127355
2e-12	5e-12	8e-12	4.260133899999346	0.47534068463057894
2e-12	5e-12	9e-12	3.986022699999012	0.47534068462989393
2e-12	5e-12	1e-11	4.264886799999658	0.47534068462921986
2e-12	5.9999999999999995e-12	1e-12	3.668714199997339	0.47534068463601564
2e-12	5.9999999999999995e-12	2e-12	3.2328980000020238	0.4753406846353235
2e-12	5.9999999999999995e-12	3e-12	3.503881900000124	0.47534068463462187
2e-12	5.9999999999999995e-12	4e-12	3.5365715000007185	0.47534068463393964
2e-12	5.9999999999999995e-12	5e-12	3.483744299999671	0.4753406846332643
2e-12	5.9999999999999995e-12	5.9999999999999995e-12	3.442112199998519	0.4753406846325829
2e-12	5.9999999999999995e-12	7e-12	3.6428071000009368	0.4753406846318937
2e-12	5.9999999999999995e-12	8e-12	3.473981499999354	0.4753406846312053
2e-12	5.9999999999999995e-12	9e-12	3.1989738999982364	0.4753406846305137
2e-12	5.9999999999999995e-12	1e-11	3.536700999997265	0.4753406846298219
2e-12	7e-12	1e-12	3.4932814999992843	0.47534068463663043
2e-12	7e-12	2e-12	3.4086209000015515	0.475340684635943
2e-12	7e-12	3e-12	3.4965820999968855	0.47534068463525797
2e-12	7e-12	4e-12	3.0834551000007195	0.47534068463456247
2e-12	7e-12	5e-12	3.110687799999141	0.4753406846338725
2e-12	7e-12	5.9999999999999995e-12	3.375434100002167	0.47534068463318746
2e-12	7e-12	7e-12	3.1232133000012254	0.4753406846325061
2e-12	7e-12	8e-12	3.2181191999989096	0.47534068463182566
2e-12	7e-12	9e-12	3.739427099997556	0.4753406846311373
2e-12	7e-12	1e-11	3.59616840000308	0.47534068463044954
2e-12	8e-12	1e-12	4.274614100002509	0.4753406846372516
2e-12	8e-12	2e-12	3.5939713999978267	0.4753406846365669
2e-12	8e-12	3e-12	3.5338263000012375	0.47534068463588186
2e-12	8e-12	4e-12	3.2735076999997545	0.475340684635193
2e-12	8e-12	5e-12	3.539282400000957	0.4753406846344969
2e-12	8e-12	5.9999999999999995e-12	3.5669576000000234	0.4753406846338065
2e-12	8e-12	7e-12	3.1978478000019095	0.4753406846331202
2e-12	8e-12	8e-12	3.629097900000488	0.47534068463243356
2e-12	8e-12	9e-12	3.8023716999996395	0.4753406846317527
2e-12	8e-12	1e-11	3.3249710999989475	0.4753406846310684
2e-12	9e-12	1e-12	3.4529242999997223	0.4753406846378671
2e-12	9e-12	2e-12	3.4548888000026636	0.47534068463718476
2e-12	9e-12	3e-12	3.0634755000028235	0.47534068463649326
2e-12	9e-12	4e-12	3.329688099998748	0.4753406846358142
2e-12	9e-12	5e-12	3.3864409000016167	0.4753406846351211
2e-12	9e-12	5.9999999999999995e-12	2.9771480999988853	0.47534068463442636
2e-12	9e-12	7e-12	3.386037500000384	0.47534068463373447
2e-12	9e-12	8e-12	3.3616586000025563	0.4753406846330604
2e-12	9e-12	9e-12	2.9472445999999763	0.47534068463237006
2e-12	9e-12	1e-11	3.4904228000013973	0.47534068463167617
2e-12	1e-11	1e-12	3.2595568999968236	0.4753406846384861
2e-12	1e-11	2e-12	3.5089969000000565	0.47534068463779633
2e-12	1e-11	3e-12	3.459038500001043	0.47534068463710705
2e-12	1e-11	4e-12	3.238047499999084	0.47534068463642837
2e-12	1e-11	5e-12	3.8921171000001777	0.4753406846357415
2e-12	1e-11	5.9999999999999995e-12	3.884872299997369	0.4753406846350462
2e-12	1e-11	7e-12	3.529524000001402	0.4753406846343577
2e-12	1e-11	8e-12	3.3187011999980314	0.4753406846336632
2e-12	1e-11	9e-12	3.492569600002753	0.47534068463298296
2e-12	1e-11	1e-11	3.6465242999984184	0.47534068463230017
3e-12	1e-12	1e-12	3.631577699998161	0.47534065361446476
3e-12	1e-12	2e-12	3.384424500000023	0.4753406536137773
3e-12	1e-12	3e-12	3.623026999997819	0.4753406536130852
3e-12	1e-12	4e-12	3.085273500000767	0.47534065361240274
3e-12	1e-12	5e-12	3.20266730000003	0.475340653611721
3e-12	1e-12	5.9999999999999995e-12	3.5111378000001423	0.4753406536110276
3e-12	1e-12	7e-12	3.1241499000025215	0.4753406536103375
3e-12	1e-12	8e-12	2.8966665000007197	0.4753406536096487
3e-12	1e-12	9e-12	2.705192999997962	0.47534065360896066
3e-12	1e-12	1e-11	2.7549924999984796	0.4753406536082679
3e-12	2e-12	1e-12	2.705873499999143	0.4753406536150757
3e-12	2e-12	2e-12	2.9773796000008588	0.47534065361438627
3e-12	2e-12	3e-12	2.8415700000005018	0.4753406536136972
3e-12	2e-12	4e-12	3.2692078000000038	0.4753406536130091
3e-12	2e-12	5e-12	2.9559509999999136	0.47534065361232314
3e-12	2e-12	5.9999999999999995e-12	2.9661169000028167	0.47534065361164823
3e-12	2e-12	7e-12	3.0149879999989935	0.47534065361095956
3e-12	2e-12	8e-12	2.8976748999994015	0.47534065361026934
3e-12	2e-12	9e-12	2.8732873999979347	0.4753406536095788
3e-12	2e-12	1e-11	2.7468072999981814	0.47534065360888844
3e-12	3e-12	1e-12	3.0534506000003603	0.4753406536157005
3e-12	3e-12	2e-12	2.9460138000031293	0.4753406536150087
3e-12	3e-12	3e-12	2.986639299997478	0.4753406536143267
3e-12	3e-12	4e-12	3.0445467999998073	0.475340653613639
3e-12	3e-12	5e-12	2.9784942000005685	0.4753406536129381
3e-12	3e-12	5.9999999999999995e-12	2.7502227000004495	0.47534065361225186
3e-12	3e-12	7e-12	2.8509815000033996	0.47534065361156397
3e-12	3e-12	8e-12	2.6459366000017326	0.4753406536108751
3e-12	3e-12	9e-12	2.6974676999998337	0.4753406536101902
3e-12	3e-12	1e-11	3.6165064000015263	0.4753406536094936
3e-12	4e-12	1e-12	3.465468200000032	0.47534065361632905
3e-12	4e-12	2e-12	2.7878986000032455	0.47534065361563776
3e-12	4e-12	3e-12	2.8663345999993908	0.4753406536149456
3e-12	4e-12	4e-12	2.868887900000118	0.4753406536142564
3e-12	4e-12	5e-12	2.8417728999993415	0.4753406536135675
3e-12	4e-12	5.9999999999999995e-12	2.6411053000010725	0.47534065361287753
3e-12	4e-12	7e-12	2.8419212000007974	0.47534065361219047
3e-12	4e-12	8e-12	3.3891769999972894	0.47534065361149147
3e-12	4e-12	9e-12	3.311828300000343	0.4753406536108069
3e-12	4e-12	1e-11	2.793568299999606	0.47534065361012073
3e-12	5e-12	1e-12	2.6918726000003517	0.4753406536169429
3e-12	5e-12	2e-12	2.648776399997587	0.47534065361625744
3e-12	5e-12	3e-12	2.659470599999622	0.4753406536155692
3e-12	5e-12	4e-12	2.689587599998049	0.4753406536148763
3e-12	5e-12	5e-12	2.8868805000020075	0.4753406536141894
3e-12	5e-12	5.9999999999999995e-12	2.674573500000406	0.4753406536135045
3e-12	5e-12	7e-12	2.6389501000012388	0.47534065361281075
3e-12	5e-12	8e-12	2.693983000001026	0.47534065361212496
3e-12	5e-12	9e-12	3.226904099999956	0.4753406536114313
3e-12	5e-12	1e-11	2.8320323000007193	0.4753406536107389
3e-12	5.9999999999999995e-12	1e-12	2.9411810000019614	0.4753406536175558
3e-12	5.9999999999999995e-12	2e-12	2.987254600000597	0.4753406536168664
3e-12	5.9999999999999995e-12	3e-12	2.643585300000268	0.4753406536161727
3e-12	5.9999999999999995e-12	4e-12	2.555098500000895	0.47534065361548816
3e-12	5.9999999999999995e-12	5e-12	2.677037100002053	0.4753406536148049
3e-12	5.9999999999999995e-12	5.9999999999999995e-12	2.592880200001673	0.4753406536141269
3e-12	5.9999999999999995e-12	7e-12	3.1417254000007233	0.47534065361343253
3e-12	5.9999999999999995e-12	8e-12	3.3443070000030275	0.47534065361274536
3e-12	5.9999999999999995e-12	9e-12	2.9237510000020848	0.4753406536120594
3e-12	5.9999999999999995e-12	1e-11	3.3980530000008002	0.47534065361137046
3e-12	7e-12	1e-12	4.9064392000000225	0.4753406536181773
3e-12	7e-12	2e-12	3.791381300001376	0.47534065361748784
3e-12	7e-12	3e-12	3.932158100000379	0.475340653616803
3e-12	7e-12	4e-12	3.6785286000013	0.4753406536161092
3e-12	7e-12	5e-12	3.786745700002939	0.47534065361542693
3e-12	7e-12	5.9999999999999995e-12	3.17845319999833	0.47534065361473105
3e-12	7e-12	7e-12	2.893894000000728	0.47534065361404304
3e-12	7e-12	8e-12	2.733229499997833	0.4753406536133571
3e-12	7e-12	9e-12	2.761928199997783	0.47534065361267996
3e-12	7e-12	1e-11	3.692852500000299	0.4753406536119888
3e-12	8e-12	1e-12	3.0765554000026896	0.47534065361879524
3e-12	8e-12	2e-12	2.9514550999992935	0.4753406536181194
3e-12	8e-12	3e-12	3.323218599998654	0.475340653617422
3e-12	8e-12	4e-12	4.176225100000011	0.47534065361673117
3e-12	8e-12	5e-12	3.3333536999998614	0.47534065361603506
3e-12	8e-12	5.9999999999999995e-12	3.9218747000013536	0.4753406536153538
3e-12	8e-12	7e-12	2.771292400000675	0.47534065361466343
3e-12	8e-12	8e-12	2.6163675999996485	0.4753406536139679
3e-12	8e-12	9e-12	2.6331251000010525	0.4753406536132763
3e-12	8e-12	1e-11	2.6465561000004527	0.47534065361259753
3e-12	9e-12	1e-12	2.6467622999989544	0.475340653619414
3e-12	9e-12	2e-12	2.568255100002716	0.47534065361873323
3e-12	9e-12	3e-12	2.521168699997361	0.47534065361805095
3e-12	9e-12	4e-12	2.5011433999970905	0.4753406536173643
3e-12	9e-12	5e-12	2.546081200001936	0.4753406536166681
3e-12	9e-12	5.9999999999999995e-12	2.4919647999995505	0.475340653615976
3e-12	9e-12	7e-12	2.5246079999997164	0.4753406536152828
3e-12	9e-12	8e-12	2.4969516999990446	0.4753406536146001
3e-12	9e-12	9e-12	2.5580647999995563	0.4753406536139124
3e-12	9e-12	1e-11	2.5341244000010192	0.47534065361322086
3e-12	1e-11	1e-12	2.469905599999038	0.4753406536200293
3e-12	1e-11	2e-12	2.4728477999997267	0.4753406536193342
3e-12	1e-11	3e-12	2.4830287999975553	0.47534065361865324
3e-12	1e-11	4e-12	2.545471900000848	0.47534065361797406
3e-12	1e-11	5e-12	2.5874573000000964	0.4753406536172933
3e-12	1e-11	5.9999999999999995e-12	2.5323470999974234	0.4753406536166158
3e-12	1e-11	7e-12	2.470295700000861	0.4753406536159232
3e-12	1e-11	8e-12	2.488658199999918	0.47534065361522887
3e-12	1e-11	9e-12	2.47528759999841	0.4753406536145319
3e-12	1e-11	1e-11	2.4725332999987586	0.4753406536138407
4e-12	1e-12	1e-12	2.5067447000001266	0.47534062259604326
4e-12	1e-12	2e-12	2.4932995999988634	0.47534062259535126
4e-12	1e-12	3e-12	2.4625897000005352	0.4753406225946587
4e-12	1e-12	4e-12	2.465999699998065	0.47534062259397647
4e-12	1e-12	5e-12	2.475981600000523	0.47534062259328813
4e-12	1e-12	5.9999999999999995e-12	2.4665094999982102	0.47534062259259013
4e-12	1e-12	7e-12	2.471953100000974	0.4753406225918996
4e-12	1e-12	8e-12	2.4644394000024477	0.4753406225912212
4e-12	1e-12	9e-12	2.4821041000031983	0.4753406225905358
4e-12	1e-12	1e-11	2.4898139999968407	0.475340622589844
4e-12	2e-12	1e-12	2.4353701	0.47534062259664456
4e-12	2e-12	2e-12	2.4500426999984484	0.47534062259596077
4e-12	2e-12	3e-12	2.4613686999982747	0.47534062259527143
4e-12	2e-12	4e-12	2.4477444000003743	0.47534062259458953
4e-12	2e-12	5e-12	2.443880499999068	0.47534062259390597
4e-12	2e-12	5.9999999999999995e-12	2.450207199999568	0.47534062259321735
4e-12	2e-12	7e-12	2.4392802999973355	0.4753406225925365
4e-12	2e-12	8e-12	2.4437889000000723	0.4753406225918384
4e-12	2e-12	9e-12	2.4862726999999722	0.47534062259114884
4e-12	2e-12	1e-11	2.44618029999765	0.47534062259046944
4e-12	3e-12	1e-12	2.443603699997766	0.4753406225972812
4e-12	3e-12	2e-12	2.462196700002096	0.4753406225965888
4e-12	3e-12	3e-12	2.438873600000079	0.4753406225958994
4e-12	3e-12	4e-12	2.443804499998805	0.4753406225952089
4e-12	3e-12	5e-12	2.437292200000229	0.4753406225945256
4e-12	3e-12	5.9999999999999995e-12	2.451659499998641	0.47534062259383436
4e-12	3e-12	7e-12	2.4516860999974597	0.4753406225931481
4e-12	3e-12	8e-12	2.4314492999983486	0.4753406225924608
4e-12	3e-12	9e-12	2.4214515999992727	0.4753406225917683
4e-12	3e-12	1e-11	2.4497889000012947	0.47534062259107246
4e-12	4e-12	1e-12	2.406003399999463	0.47534062259789467
4e-12	4e-12	2e-12	2.424026500000764	0.47534062259720766
4e-12	4e-12	3e-12	2.4052951999983634	0.47534062259652055
4e-12	4e-12	4e-12	2.4211290999992343	0.4753406225958336
4e-12	4e-12	5e-12	2.454640499996458	0.4753406225951497
4e-12	4e-12	5.9999999999999995e-12	2.429383600003348	0.47534062259446186
4e-12	4e-12	7e-12	2.4301520999979402	0.4753406225937643
4e-12	4e-12	8e-12	2.5293015000024752	0.4753406225930785
4e-12	4e-12	9e-12	2.5054850000014994	0.4753406225923955
4e-12	4e-12	1e-11	2.5299980000017968	0.4753406225917081
4e-12	5e-12	1e-12	2.4574260999979742	0.4753406225985083
4e-12	5e-12	2e-12	2.450638700000127	0.47534062259781873
4e-12	5e-12	3e-12	2.454202900000382	0.47534062259713067
4e-12	5e-12	4e-12	2.417091999999684	0.4753406225964513
4e-12	5e-12	5e-12	2.416707699998369	0.47534062259576354
4e-12	5e-12	5.9999999999999995e-12	2.434789000002638	0.47534062259507215
4e-12	5e-12	7e-12	2.4103359000000637	0.47534062259438253
4e-12	5e-12	8e-12	2.4211761000005936	0.47534062259370463
4e-12	5e-12	9e-12	2.4354787999982364	0.47534062259301374
4e-12	5e-12	1e-11	2.4674766000025556	0.47534062259232446
4e-12	5.9999999999999995e-12	1e-12	2.4452837000026193	0.4753406225991366
4e-12	5.9999999999999995e-12	2e-12	2.426380799999606	0.47534062259844695
4e-12	5.9999999999999995e-12	3e-12	2.4347296000014467	0.47534062259776033
4e-12	5.9999999999999995e-12	4e-12	2.409946100000525	0.47534062259707144
4e-12	5.9999999999999995e-12	5e-12	2.438865400003124	0.47534062259638526
4e-12	5.9999999999999995e-12	5.9999999999999995e-12	2.421016000000236	0.4753406225957
4e-12	5.9999999999999995e-12	7e-12	2.413954999999987	0.47534062259500665
4e-12	5.9999999999999995e-12	8e-12	2.4098511999982293	0.4753406225943172
4e-12	5.9999999999999995e-12	9e-12	2.441826600002969	0.47534062259363125
4e-12	5.9999999999999995e-12	1e-11	2.419619000000239	0.4753406225929469
4e-12	7e-12	1e-12	2.448252999998658	0.47534062259975185
4e-12	7e-12	2e-12	2.4668730000012147	0.4753406225990595
4e-12	7e-12	3e-12	2.5828087000008964	0.47534062259836835
4e-12	7e-12	4e-12	2.805996700000833	0.4753406225976802
4e-12	7e-12	5e-12	2.8817459999991115	0.4753406225969952
4e-12	7e-12	5.9999999999999995e-12	2.7077733000005537	0.4753406225963016
4e-12	7e-12	7e-12	2.5987291999990703	0.47534062259561477
4e-12	7e-12	8e-12	3.003742599998077	0.4753406225949348
4e-12	7e-12	9e-12	3.070772200000647	0.47534062259424814
4e-12	7e-12	1e-11	3.9297752999991644	0.4753406225935596
4e-12	8e-12	1e-12	2.9115406999990228	0.4753406226003699
4e-12	8e-12	2e-12	2.660644300001877	0.4753406225996822
4e-12	8e-12	3e-12	2.912334500000725	0.4753406225989932
4e-12	8e-12	4e-12	2.6190190999986953	0.4753406225983021
4e-12	8e-12	5e-12	2.611095699998259	0.47534062259761967
4e-12	8e-12	5.9999999999999995e-12	2.9038700999990397	0.47534062259692667
4e-12	8e-12	7e-12	2.7480461000013747	0.4753406225962286
4e-12	8e-12	8e-12	3.8911574999983713	0.47534062259554505
4e-12	8e-12	9e-12	3.5331006000014895	0.47534062259486853
4e-12	8e-12	1e-11	2.838313600001129	0.47534062259418725
4e-12	9e-12	1e-12	2.573573999998189	0.47534062260098797
4e-12	9e-12	2e-12	2.5927689999989525	0.4753406226002962
4e-12	9e-12	3e-12	2.6270810999994865	0.4753406225996064
4e-12	9e-12	4e-12	2.5040684999985388	0.4753406225989154
4e-12	9e-12	5e-12	2.647746599999664	0.47534062259822935
4e-12	9e-12	5.9999999999999995e-12	2.638267400001496	0.47534062259754256
4e-12	9e-12	7e-12	2.5506576000007044	0.4753406225968509
4e-12	9e-12	8e-12	2.8600812000004225	0.4753406225961718
4e-12	9e-12	9e-12	2.8287702000015997	0.47534062259547283
4e-12	9e-12	1e-11	4.3323823000027915	0.4753406225947927
4e-12	1e-11	1e-12	4.0297639000018535	0.47534062260161425
4e-12	1e-11	2e-12	2.561798099999578	0.47534062260092724
4e-12	1e-11	3e-12	2.5519760999995924	0.4753406226002397
4e-12	1e-11	4e-12	2.4857995999991545	0.4753406225995454
4e-12	1e-11	5e-12	2.5150223999989976	0.4753406225988522
4e-12	1e-11	5.9999999999999995e-12	2.5139903999988746	0.4753406225981647
4e-12	1e-11	7e-12	2.480520599998272	0.47534062259747367
4e-12	1e-11	8e-12	2.4488878000011027	0.475340622596779
4e-12	1e-11	9e-12	2.464476900000591	0.4753406225960958
4e-12	1e-11	1e-11	2.480950199998915	0.4753406225954096
5e-12	1e-12	1e-12	2.4569776999996975	0.4753405915776519
5e-12	1e-12	2e-12	2.512748700002703	0.4753405915769687
5e-12	1e-12	3e-12	2.4809298000000126	0.4753405915762832
5e-12	1e-12	4e-12	2.4829456999977992	0.47534059157559355
5e-12	1e-12	5e-12	2.468951599999855	0.47534059157490216
5e-12	1e-12	5.9999999999999995e-12	3.427043699997739	0.47534059157421604
5e-12	1e-12	7e-12	3.7490011999980197	0.47534059157352676
5e-12	1e-12	8e-12	3.384125500000664	0.47534059157284053
5e-12	1e-12	9e-12	2.6676302999985637	0.4753405915721552
5e-12	1e-12	1e-11	3.0366713000003074	0.4753405915714728
5e-12	2e-12	1e-12	5.259683599997516	0.4753405915782788
5e-12	2e-12	2e-12	9.412227500000881	0.47534059157759523
5e-12	2e-12	3e-12	7.7302312000028905	0.47534059157690167
5e-12	2e-12	4e-12	7.039977399999771	0.47534059157621555
5e-12	2e-12	5e-12	6.094813100000465	0.47534059157553205
5e-12	2e-12	5.9999999999999995e-12	4.4340102999995	0.47534059157484276
5e-12	2e-12	7e-12	5.9598884000006365	0.47534059157415237
5e-12	2e-12	8e-12	5.880164900001546	0.4753405915734673
5e-12	2e-12	9e-12	4.401401300001453	0.4753405915727764
5e-12	2e-12	1e-11	3.4758766000013566	0.47534059157208386
5e-12	3e-12	1e-12	5.040794999997161	0.4753405915789025
5e-12	3e-12	2e-12	2.822304500001337	0.47534059157821934
5e-12	3e-12	3e-12	2.601955199999793	0.47534059157753544
5e-12	3e-12	4e-12	2.591583900000842	0.47534059157684627
5e-12	3e-12	5e-12	2.5671967000016593	0.4753405915761526
5e-12	3e-12	5.9999999999999995e-12	3.391815499999211	0.47534059157547437
5e-12	3e-12	7e-12	3.0816755999985617	0.4753405915747825
5e-12	3e-12	8e-12	2.6955111999996006	0.4753405915740825
5e-12	3e-12	9e-12	2.751423000001523	0.4753405915733953
5e-12	3e-12	1e-11	2.6196436999998696	0.47534059157270636
5e-12	4e-12	1e-12	3.7343006000010064	0.47534059157950403
5e-12	4e-12	2e-12	3.584913399998186	0.47534059157882025
5e-12	4e-12	3e-12	3.161244299997634	0.47534059157813835
5e-12	4e-12	4e-12	3.5142875999990792	0.4753405915774646
5e-12	4e-12	5e-12	4.446277800001553	0.47534059157678166
5e-12	4e-12	5.9999999999999995e-12	3.6122877999987395	0.4753405915760992
5e-12	4e-12	7e-12	2.8974678999984462	0.47534059157541036
5e-12	4e-12	8e-12	2.785144199999195	0.4753405915747117
5e-12	4e-12	9e-12	2.8271337000005587	0.47534059157402847
5e-12	4e-12	1e-11	2.847568400000455	0.4753405915733368
5e-12	5e-12	1e-12	2.669469600001321	0.4753405915801259
5e-12	5e-12	2e-12	2.7329404999982216	0.4753405915794421
5e-12	5e-12	3e-12	3.265711200001533	0.47534059157875297
5e-12	5e-12	4e-12	2.8074243999981263	0.47534059157806346
5e-12	5e-12	5e-12	2.906154800002696	0.4753405915773798
5e-12	5e-12	5.9999999999999995e-12	3.346084399996471	0.4753405915766939
5e-12	5e-12	7e-12	2.8384001000013086	0.4753405915760108
5e-12	5e-12	8e-12	2.7212142999997013	0.47534059157533026
5e-12	5e-12	9e-12	3.138993299999129	0.4753405915746486
5e-12	5e-12	1e-11	3.6083180000023276	0.47534059157395836
5e-12	5.9999999999999995e-12	1e-12	4.074668199998996	0.47534059158074593
5e-12	5.9999999999999995e-12	2e-12	3.7105411000011372	0.4753405915800579
5e-12	5.9999999999999995e-12	3e-12	3.7053220000016154	0.4753405915793741
5e-12	5.9999999999999995e-12	4e-12	3.3545011000023806	0.47534059157868985
5e-12	5.9999999999999995e-12	5e-12	3.3812842999977875	0.4753405915780051
5e-12	5.9999999999999995e-12	5.9999999999999995e-12	3.091991199999029	0.4753405915773158
5e-12	5.9999999999999995e-12	7e-12	2.6850116999994498	0.4753405915766318
5e-12	5.9999999999999995e-12	8e-12	2.6533058999993955	0.47534059157593733
5e-12	5.9999999999999995e-12	9e-12	2.804666100000759	0.4753405915752549
5e-12	5.9999999999999995e-12	1e-11	3.1872104999965813	0.4753405915745657
5e-12	7e-12	1e-12	3.5632284999992407	0.47534059158136566
5e-12	7e-12	2e-12	3.1444207999993523	0.47534059158067954
5e-12	7e-12	3e-12	3.2624994999969203	0.4753405915799939
5e-12	7e-12	4e-12	3.0338402000015776	0.4753405915793034
5e-12	7e-12	5e-12	3.04976429999806	0.47534059157861636
5e-12	7e-12	5.9999999999999995e-12	2.67274610000095	0.4753405915779313
5e-12	7e-12	7e-12	3.6948566999999457	0.4753405915772423
5e-12	7e-12	8e-12	3.682739500000025	0.47534059157655995
5e-12	7e-12	9e-12	3.668634000001475	0.4753405915758748
5e-12	7e-12	1e-11	3.5101618000007875	0.47534059157518227
5e-12	8e-12	1e-12	3.383233399999881	0.47534059158197617
5e-12	8e-12	2e-12	3.6330190999979095	0.47534059158128344
5e-12	8e-12	3e-12	4.040592499997729	0.4753405915806078
5e-12	8e-12	4e-12	3.8997185999978683	0.4753405915799224
5e-12	8e-12	5e-12	3.546236400001362	0.4753405915792241
5e-12	8e-12	5.9999999999999995e-12	2.990374499997415	0.4753405915785432
5e-12	8e-12	7e-12	2.75534719999996	0.47534059157785785
5e-12	8e-12	8e-12	2.620430099999794	0.4753405915771753
5e-12	8e-12	9e-12	2.6177341000002343	0.47534059157649494
5e-12	8e-12	1e-11	3.288648400000966	0.47534059157580216
5e-12	9e-12	1e-12	3.1258543000003556	0.475340591582605
5e-12	9e-12	2e-12	2.6409258999992744	0.4753405915819153
5e-12	9e-12	3e-12	3.054707799998141	0.47534059158122666
5e-12	9e-12	4e-12	2.6386113000007754	0.47534059158053277
5e-12	9e-12	5e-12	2.6198699999986275	0.475340591579848
5e-12	9e-12	5.9999999999999995e-12	2.647243299998081	0.4753405915791665
5e-12	9e-12	7e-12	3.1071193999996467	0.4753405915784794
5e-12	9e-12	8e-12	2.727569399998174	0.4753405915777878
5e-12	9e-12	9e-12	2.594870999997511	0.4753405915771035
5e-12	9e-12	1e-11	2.48582929999975	0.4753405915764195
5e-12	1e-11	1e-12	2.5414793000018108	0.47534059158321723
5e-12	1e-11	2e-12	2.508979799997178	0.4753405915825262
5e-12	1e-11	3e-12	2.5270343000011053	0.47534059158183767
5e-12	1e-11	4e-12	2.6581820999999763	0.47534059158114705
5e-12	1e-11	5e-12	3.5291490000017802	0.47534059158045844
5e-12	1e-11	5.9999999999999995e-12	3.1380690000005416	0.4753405915797785
5e-12	1e-11	7e-12	2.6164706999988994	0.47534059157909003
5e-12	1e-11	8e-12	2.5270268999993277	0.47534059157840397
5e-12	1e-11	9e-12	2.6253763000022445	0.4753405915777097
5e-12	1e-11	1e-11	2.811168500000349	0.4753405915770254
5.9999999999999995e-12	1e-12	1e-12	2.5960545999987517	0.47534056055925333
5.9999999999999995e-12	1e-12	2e-12	2.5379519000016444	0.4753405605585691
5.9999999999999995e-12	1e-12	3e-12	2.6071778000004997	0.4753405605578782
5.9999999999999995e-12	1e-12	4e-12	3.1163713000023563	0.4753405605571942
5.9999999999999995e-12	1e-12	5e-12	3.9420552999981737	0.4753405605565066
5.9999999999999995e-12	1e-12	5.9999999999999995e-12	3.2347024000009696	0.47534056055581736
5.9999999999999995e-12	1e-12	7e-12	2.8003212999974494	0.47534056055512447
5.9999999999999995e-12	1e-12	8e-12	3.1520303999968746	0.47534056055443663
5.9999999999999995e-12	1e-12	9e-12	3.0090153999990434	0.475340560553742
5.9999999999999995e-12	1e-12	1e-11	2.825844799997867	0.47534056055305585
5.9999999999999995e-12	2e-12	1e-12	2.6792925000008836	0.47534056055988005
5.9999999999999995e-12	2e-12	2e-12	2.5906318000015744	0.47534056055918916
5.9999999999999995e-12	2e-12	3e-12	2.6651196999991953	0.4753405605585072
5.9999999999999995e-12	2e-12	4e-12	2.5680395000017597	0.4753405605578148
5.9999999999999995e-12	2e-12	5e-12	2.6657731000013882	0.475340560557128
5.9999999999999995e-12	2e-12	5.9999999999999995e-12	2.7153739999994286	0.47534056055644003
5.9999999999999995e-12	2e-12	7e-12	3.2754246999975294	0.475340560555755
5.9999999999999995e-12	2e-12	8e-12	3.158912800001417	0.4753405605550596
5.9999999999999995e-12	2e-12	9e-12	3.022917199999938	0.4753405605543713
5.9999999999999995e-12	2e-12	1e-11	3.985040800002025	0.4753405605536787
5.9999999999999995e-12	3e-12	1e-12	3.9903363000012178	0.47534056056048857
5.9999999999999995e-12	3e-12	2e-12	4.389348000000609	0.47534056055980184
5.9999999999999995e-12	3e-12	3e-12	4.3447235000021465	0.475340560559119
5.9999999999999995e-12	3e-12	4e-12	4.273163199999544	0.47534056055843377
5.9999999999999995e-12	3e-12	5e-12	4.370191199999681	0.47534056055774354
5.9999999999999995e-12	3e-12	5.9999999999999995e-12	4.0498871999989206	0.47534056055705787
5.9999999999999995e-12	3e-12	7e-12	3.195303899999999	0.47534056055636903
5.9999999999999995e-12	3e-12	8e-12	3.7598456000014266	0.4753405605556874
5.9999999999999995e-12	3e-12	9e-12	3.378085199998168	0.4753405605549975
5.9999999999999995e-12	3e-12	1e-11	2.8868124000000535	0.4753405605543154
5.9999999999999995e-12	4e-12	1e-12	2.9000228000004427	0.4753405605611039
5.9999999999999995e-12	4e-12	2e-12	2.866913599998952	0.4753405605604213
5.9999999999999995e-12	4e-12	3e-12	2.6261660999989545	0.4753405605597256
5.9999999999999995e-12	4e-12	4e-12	2.5470588999996835	0.47534056055904683
5.9999999999999995e-12	4e-12	5e-12	2.5518487999979698	0.47534056055836943
5.9999999999999995e-12	4e-12	5.9999999999999995e-12	2.5459248000006482	0.4753405605576847
5.9999999999999995e-12	4e-12	7e-12	2.522833200000605	0.4753405605569959
5.9999999999999995e-12	4e-12	8e-12	2.5407484999996086	0.47534056055630963
5.9999999999999995e-12	4e-12	9e-12	2.583694500001002	0.47534056055561585
5.9999999999999995e-12	4e-12	1e-11	2.628585499998735	0.47534056055492635
5.9999999999999995e-12	5e-12	1e-12	2.772214000000531	0.47534056056172924
5.9999999999999995e-12	5e-12	2e-12	2.667996200001653	0.47534056056103924
5.9999999999999995e-12	5e-12	3e-12	2.604429999999411	0.47534056056034807
5.9999999999999995e-12	5e-12	4e-12	2.6356866999994963	0.47534056055967083
5.9999999999999995e-12	5e-12	5e-12	2.7120598000001337	0.4753405605589834
5.9999999999999995e-12	5e-12	5.9999999999999995e-12	2.5892867000002298	0.4753405605582942
5.9999999999999995e-12	5e-12	7e-12	2.5765301000028558	0.47534056055760676
5.9999999999999995e-12	5e-12	8e-12	2.56548340000154	0.4753405605569254
5.9999999999999995e-12	5e-12	9e-12	2.586372699999629	0.4753405605562314
5.9999999999999995e-12	5e-12	1e-11	2.5940795999995316	0.4753405605555385
5.9999999999999995e-12	5.9999999999999995e-12	1e-12	2.5620429999980843	0.4753405605623596
5.9999999999999995e-12	5.9999999999999995e-12	2e-12	2.6017758999987564	0.4753405605616636
5.9999999999999995e-12	5.9999999999999995e-12	3e-12	3.0395033999993757	0.4753405605609746
5.9999999999999995e-12	5.9999999999999995e-12	4e-12	4.581725000000006	0.47534056056028534
5.9999999999999995e-12	5.9999999999999995e-12	5e-12	4.47522089999984	0.47534056055959956
5.9999999999999995e-12	5.9999999999999995e-12	5.9999999999999995e-12	3.427997200000391	0.4753405605589146
5.9999999999999995e-12	5.9999999999999995e-12	7e-12	3.033509299999423	0.47534056055823093
5.9999999999999995e-12	5.9999999999999995e-12	8e-12	3.1792457999981707	0.47534056055754365
5.9999999999999995e-12	5.9999999999999995e-12	9e-12	3.390699900002801	0.4753405605568586
5.9999999999999995e-12	5.9999999999999995e-12	1e-11	3.1147101999995357	0.4753405605561706
5.9999999999999995e-12	7e-12	1e-12	3.272236000000703	0.4753405605629752
5.9999999999999995e-12	7e-12	2e-12	2.8801181000017095	0.47534056056228835
5.9999999999999995e-12	7e-12	3e-12	2.8960488000011537	0.4753405605615959
5.9999999999999995e-12	7e-12	4e-12	3.2115558000004967	0.4753405605608988
5.9999999999999995e-12	7e-12	5e-12	3.926162799998565	0.475340560560216
5.9999999999999995e-12	7e-12	5.9999999999999995e-12	3.595994700001029	0.47534056055952856
5.9999999999999995e-12	7e-12	7e-12	3.2334605999967607	0.4753405605588441
5.9999999999999995e-12	7e-12	8e-12	3.302812099998846	0.4753405605581634
5.9999999999999995e-12	7e-12	9e-12	3.4559730000000854	0.47534056055747953
5.9999999999999995e-12	7e-12	1e-11	3.508507599999575	0.4753405605567963
5.9999999999999995e-12	8e-12	1e-12	3.527033099999244	0.4753405605635918
5.9999999999999995e-12	8e-12	2e-12	3.5343059999977413	0.47534056056291496
5.9999999999999995e-12	8e-12	3e-12	4.068586600002163	0.4753405605622263
5.9999999999999995e-12	8e-12	4e-12	4.483575700000074	0.4753405605615343
5.9999999999999995e-12	8e-12	5e-12	3.887826499998482	0.47534056056084084
5.9999999999999995e-12	8e-12	5.9999999999999995e-12	2.7283591000013985	0.4753405605601453
5.9999999999999995e-12	8e-12	7e-12	3.281846099998802	0.4753405605594564
5.9999999999999995e-12	8e-12	8e-12	2.5500830999990285	0.4753405605587771
5.9999999999999995e-12	8e-12	9e-12	2.5429588000006333	0.4753405605580877
5.9999999999999995e-12	8e-12	1e-11	2.5167082000007213	0.4753405605574075
5.9999999999999995e-12	9e-12	1e-12	3.608767400000943	0.4753405605642038
5.9999999999999995e-12	9e-12	2e-12	3.3421962000029453	0.47534056056351437
5.9999999999999995e-12	9e-12	3e-12	3.505381099999795	0.4753405605628292
5.9999999999999995e-12	9e-12	4e-12	3.7665271000005305	0.4753405605621386
5.9999999999999995e-12	9e-12	5e-12	4.257834500000172	0.4753405605614614
5.9999999999999995e-12	9e-12	5.9999999999999995e-12	2.895142000001215	0.47534056056076307
5.9999999999999995e-12	9e-12	7e-12	2.862711300000228	0.4753405605600801
5.9999999999999995e-12	9e-12	8e-12	2.9817876999986765	0.4753405605593951
5.9999999999999995e-12	9e-12	9e-12	3.01740190000055	0.4753405605587069
5.9999999999999995e-12	9e-12	1e-11	3.2008304000009957	0.47534056055802276
5.9999999999999995e-12	1e-11	1e-12	3.0854299000020546	0.47534056056483137
5.9999999999999995e-12	1e-11	2e-12	3.019960700003139	0.475340560564144
5.9999999999999995e-12	1e-11	3e-12	3.5339251999976113	0.4753405605634586
5.9999999999999995e-12	1e-11	4e-12	3.5831042999998317	0.47534056056277363
5.9999999999999995e-12	1e-11	5e-12	2.577931100000569	0.47534056056208196
5.9999999999999995e-12	1e-11	5.9999999999999995e-12	2.713524899998447	0.4753405605613872
5.9999999999999995e-12	1e-11	7e-12	2.6321510999987368	0.4753405605606962
5.9999999999999995e-12	1e-11	8e-12	2.5960640999983298	0.47534056056001217
5.9999999999999995e-12	1e-11	9e-12	2.5437654000015755	0.47534056055931473
5.9999999999999995e-12	1e-11	1e-11	2.5161220999980287	0.4753405605586418
7e-12	1e-12	1e-12	2.494678200000635	0.4753405295409181
7e-12	1e-12	2e-12	2.5268690999982937	0.4753405295402316
7e-12	1e-12	3e-12	2.5234640999988187	0.47534052953954264
7e-12	1e-12	4e-12	2.5043308999993315	0.47534052953886274
7e-12	1e-12	5e-12	2.5660060999980487	0.4753405295381731
7e-12	1e-12	5.9999999999999995e-12	2.5136796000006143	0.475340529537477
7e-12	1e-12	7e-12	2.58495000000039	0.4753405295367882
7e-12	1e-12	8e-12	3.4529320999972697	0.4753405295360913
7e-12	1e-12	9e-12	3.0834308999983477	0.4753405295354044
7e-12	1e-12	1e-11	3.098985200002062	0.47534052953472483
7e-12	2e-12	1e-12	3.281183399998554	0.4753405295415275
7e-12	2e-12	2e-12	2.93017300000065	0.47534052954085204
7e-12	2e-12	3e-12	2.8568358999982593	0.4753405295401619
7e-12	2e-12	4e-12	3.2601504000012937	0.4753405295394742
7e-12	2e-12	5e-12	2.9886057000003348	0.4753405295387866
7e-12	2e-12	5.9999999999999995e-12	2.56396279999899	0.4753405295381097
7e-12	2e-12	7e-12	3.391218699998717	0.47534052953741057
7e-12	2e-12	8e-12	4.312740299999859	0.4753405295367189
7e-12	2e-12	9e-12	3.350287400000525	0.475340529536028
7e-12	2e-12	1e-11	3.1877396999989287	0.4753405295353398
7e-12	3e-12	1e-12	3.2716308000017307	0.4753405295421532
7e-12	3e-12	2e-12	3.193397000002733	0.475340529541461
7e-12	3e-12	3e-12	3.408493899998575	0.4753405295407788
7e-12	3e-12	4e-12	3.755415299998276	0.47534052954009154
7e-12	3e-12	5e-12	3.0855581000032544	0.47534052953939787
7e-12	3e-12	5.9999999999999995e-12	3.2253204000007827	0.47534052953871275
7e-12	3e-12	7e-12	2.842190199997276	0.475340529538025
7e-12	3e-12	8e-12	2.664673800001765	0.47534052953734124
7e-12	3e-12	9e-12	2.755698899996787	0.47534052953664896
7e-12	3e-12	1e-11	2.751691199999186	0.47534052953595396
7e-12	4e-12	1e-12	2.5417073000025994	0.4753405295427727
7e-12	4e-12	2e-12	2.5366506000027584	0.47534052954207595
7e-12	4e-12	3e-12	2.47318660000019	0.47534052954138584
7e-12	4e-12	4e-12	2.4739780999989307	0.4753405295406997
7e-12	4e-12	5e-12	2.4737519999980577	0.4753405295400173
7e-12	4e-12	5.9999999999999995e-12	2.4796774000024016	0.4753405295393357
7e-12	4e-12	7e-12	2.4612820000002102	0.4753405295386546
7e-12	4e-12	8e-12	2.4796835000015562	0.4753405295379668
7e-12	4e-12	9e-12	2.473629100000835	0.47534052953727624
7e-12	4e-12	1e-11	2.49241930000062	0.47534052953658656
7e-12	5e-12	1e-12	2.504666900000302	0.47534052954338707
7e-12	5e-12	2e-12	2.5199984999999288	0.47534052954269707
7e-12	5e-12	3e-12	2.482132900000579	0.4753405295420057
7e-12	5e-12	4e-12	2.4765337999997428	0.4753405295413206
7e-12	5e-12	5e-12	2.5086582000003546	0.47534052954063155
7e-12	5e-12	5.9999999999999995e-12	2.4989834999978484	0.47534052953994377
7e-12	5e-12	7e-12	2.4547156000007817	0.4753405295392624
7e-12	5e-12	8e-12	2.472067099999549	0.4753405295385835
7e-12	5e-12	9e-12	2.4799209000011615	0.4753405295378894
7e-12	5e-12	1e-11	2.4583655999995244	0.4753405295371982
7e-12	5.9999999999999995e-12	1e-12	2.460079799999221	0.47534052954401473
7e-12	5.9999999999999995e-12	2e-12	2.4588910000020405	0.4753405295433331
7e-12	5.9999999999999995e-12	3e-12	2.4555772000021534	0.47534052954263945
7e-12	5.9999999999999995e-12	4e-12	2.467919000002439	0.4753405295419427
7e-12	5.9999999999999995e-12	5e-12	2.4762492000008933	0.47534052954125283
7e-12	5.9999999999999995e-12	5.9999999999999995e-12	2.4588678999971307	0.4753405295405644
7e-12	5.9999999999999995e-12	7e-12	2.4513517999985197	0.47534052953987505
7e-12	5.9999999999999995e-12	8e-12	2.4678407999999763	0.47534052953918926
7e-12	5.9999999999999995e-12	9e-12	2.4659632000002603	0.4753405295385066
7e-12	5.9999999999999995e-12	1e-11	2.459848000002239	0.47534052953782124
7e-12	7e-12	1e-12	2.4556174999997893	0.4753405295446279
7e-12	7e-12	2e-12	2.4594881999983045	0.4753405295439429
7e-12	7e-12	3e-12	2.449942400002328	0.4753405295432565
7e-12	7e-12	4e-12	2.4611738000021433	0.47534052954257233
7e-12	7e-12	5e-12	2.4502300999993167	0.47534052954186895
7e-12	7e-12	5.9999999999999995e-12	2.5322618999998667	0.47534052954118033
7e-12	7e-12	7e-12	2.5312035999995715	0.475340529540494
7e-12	7e-12	8e-12	2.5222767000013846	0.4753405295398105
7e-12	7e-12	9e-12	2.590081199999986	0.4753405295391247
7e-12	7e-12	1e-11	2.510976000001392	0.47534052953843586
7e-12	8e-12	1e-12	2.487302900000941	0.4753405295452426
7e-12	8e-12	2e-12	2.4856766000011703	0.4753405295445571
7e-12	8e-12	3e-12	2.475063300000329	0.4753405295438584
7e-12	8e-12	4e-12	2.472348499999498	0.4753405295431762
7e-12	8e-12	5e-12	2.479941500001587	0.47534052954249684
7e-12	8e-12	5.9999999999999995e-12	2.474497600000177	0.475340529541807
7e-12	8e-12	7e-12	2.4540502999989258	0.4753405295411146
7e-12	8e-12	8e-12	2.4501103999973566	0.4753405295404291
7e-12	8e-12	9e-12	2.458265499997651	0.4753405295397447
7e-12	8e-12	1e-11	2.4632063999997627	0.4753405295390617
7e-12	9e-12	1e-12	2.4441937999981747	0.47534052954585926
7e-12	9e-12	2e-12	2.447115800001484	0.47534052954516604
7e-12	9e-12	3e-12	2.4824238999972295	0.47534052954448586
7e-12	9e-12	4e-12	2.4482729000010295	0.47534052954379724
7e-12	9e-12	5e-12	2.469635899997229	0.47534052954310624
7e-12	9e-12	5.9999999999999995e-12	2.4728522000004887	0.4753405295424249
7e-12	9e-12	7e-12	2.4613557000011497	0.4753405295417421
7e-12	9e-12	8e-12	2.4629394999974465	0.4753405295410525
7e-12	9e-12	9e-12	2.4545945999998366	0.4753405295403552
7e-12	9e-12	1e-11	2.4623365999977977	0.47534052953966416
7e-12	1e-11	1e-12	2.447199599999294	0.4753405295464769
7e-12	1e-11	2e-12	2.458811100001185	0.47534052954579276
7e-12	1e-11	3e-12	2.441053099999408	0.4753405295451006
7e-12	1e-11	4e-12	2.4869236999984423	0.47534052954441186
7e-12	1e-11	5e-12	2.439042199999676	0.4753405295437275
7e-12	1e-11	5.9999999999999995e-12	2.470584200000303	0.4753405295430436
7e-12	1e-11	7e-12	2.4590830999986792	0.4753405295423535
7e-12	1e-11	8e-12	2.4319599000009475	0.4753405295416649
7e-12	1e-11	9e-12	2.467753700002504	0.47534052954097467
7e-12	1e-11	1e-11	2.444696799997473	0.47534052954028605
8e-12	1e-12	1e-12	2.4517503999995824	0.4753404985225762
8e-12	1e-12	2e-12	2.5092003000027034	0.4753404985218902
8e-12	1e-12	3e-12	2.454995799998869	0.47534049852120586
8e-12	1e-12	4e-12	2.4499701999993704	0.47534049852051263
8e-12	1e-12	5e-12	2.4347748999971373	0.4753404985198193
8e-12	1e-12	5.9999999999999995e-12	2.448330499999429	0.4753404985191271
8e-12	1e-12	7e-12	2.4472729000008258	0.4753404985184303
8e-12	1e-12	8e-12	2.4532739000023867	0.4753404985177408
8e-12	1e-12	9e-12	2.433864700000413	0.4753404985170474
8e-12	1e-12	1e-11	2.4426774000021396	0.4753404985163627
8e-12	2e-12	1e-12	2.45272919999843	0.47534049852318905
8e-12	2e-12	2e-12	2.4489423999984865	0.4753404985225059
8e-12	2e-12	3e-12	2.4470251999991888	0.47534049852182164
8e-12	2e-12	4e-12	2.43400549999933	0.4753404985211329
8e-12	2e-12	5e-12	2.479227700001502	0.4753404985204408
8e-12	2e-12	5.9999999999999995e-12	2.4546676999998454	0.4753404985197492
8e-12	2e-12	7e-12	2.464499899997463	0.4753404985190547
8e-12	2e-12	8e-12	2.433987199998228	0.4753404985183722
8e-12	2e-12	9e-12	2.469965100000991	0.47534049851767546
8e-12	2e-12	1e-11	2.450854900002014	0.4753404985169848
8e-12	3e-12	1e-12	2.4475792000012007	0.47534049852381066
8e-12	3e-12	2e-12	2.4379985999985365	0.4753404985231238
8e-12	3e-12	3e-12	2.435181900000316	0.47534049852243543
8e-12	3e-12	4e-12	2.446943300001294	0.4753404985217489
8e-12	3e-12	5e-12	2.445265800000925	0.475340498521056
8e-12	3e-12	5.9999999999999995e-12	2.449612000000343	0.4753404985203651
8e-12	3e-12	7e-12	2.437213299999712	0.4753404985196842
8e-12	3e-12	8e-12	2.4602182999988145	0.4753404985189942
8e-12	3e-12	9e-12	2.4806951999999	0.4753404985183045
8e-12	3e-12	1e-11	2.469442199999321	0.4753404985176226
8e-12	4e-12	1e-12	2.4441201999979967	0.4753404985244253
8e-12	4e-12	2e-12	2.440415099998063	0.47534049852373383
8e-12	4e-12	3e-12	2.500539699998626	0.47534049852305316
8e-12	4e-12	4e-12	2.6476481999998214	0.4753404985223634
8e-12	4e-12	5e-12	2.6589854000012565	0.47534049852168037
8e-12	4e-12	5.9999999999999995e-12	3.003239900001063	0.4753404985209926
8e-12	4e-12	7e-12	2.864963699998043	0.47534049852029703
8e-12	4e-12	8e-12	2.83362969999871	0.475340498519613
8e-12	4e-12	9e-12	2.571399400003429	0.4753404985189287
8e-12	4e-12	1e-11	3.043572899998253	0.47534049851823623
8e-12	5e-12	1e-12	3.7511511000011524	0.47534049852504057
8e-12	5e-12	2e-12	3.47612129999834	0.4753404985243534
8e-12	5e-12	3e-12	3.4979776999971364	0.4753404985236678
8e-12	5e-12	4e-12	3.3474700000006123	0.4753404985229731
8e-12	5e-12	5e-12	3.1451293000027363	0.47534049852228877
8e-12	5e-12	5.9999999999999995e-12	3.5400026999996044	0.47534049852160404
8e-12	5e-12	7e-12	4.171035100000154	0.4753404985209285
8e-12	5e-12	8e-12	3.4839317000005394	0.4753404985202331
8e-12	5e-12	9e-12	2.7715472000018053	0.47534049851953775
8e-12	5e-12	1e-11	2.9911025000001246	0.47534049851885163
8e-12	5.9999999999999995e-12	1e-12	3.9761230000003707	0.4753404985256713
8e-12	5.9999999999999995e-12	2e-12	4.202184800000396	0.4753404985249904
8e-12	5.9999999999999995e-12	3e-12	3.6882165999995777	0.4753404985242883
8e-12	5.9999999999999995e-12	4e-12	3.153737500000716	0.4753404985235995
8e-12	5.9999999999999995e-12	5e-12	2.7624700000014855	0.47534049852291005
8e-12	5.9999999999999995e-12	5.9999999999999995e-12	2.6375412000015785	0.4753404985222247
8e-12	5.9999999999999995e-12	7e-12	2.8375215000014578	0.4753404985215325
8e-12	5.9999999999999995e-12	8e-12	3.169618399999308	0.47534049852085125
8e-12	5.9999999999999995e-12	9e-12	2.9513318999997864	0.4753404985201526
8e-12	5.9999999999999995e-12	1e-11	3.0668218999999226	0.4753404985194708
8e-12	7e-12	1e-12	3.5634540999999444	0.47534049852629623
8e-12	7e-12	2e-12	2.9770595000009052	0.47534049852560256
8e-12	7e-12	3e-12	2.6766052000020863	0.4753404985249128
8e-12	7e-12	4e-12	2.7320182000003115	0.47534049852422067
8e-12	7e-12	5e-12	2.6064721000002464	0.4753404985235312
8e-12	7e-12	5.9999999999999995e-12	2.8015143999982683	0.47534049852284177
8e-12	7e-12	7e-12	2.5980941000016173	0.47534049852215987
8e-12	7e-12	8e-12	2.537522099999478	0.47534049852146887
8e-12	7e-12	9e-12	2.714701500000956	0.4753404985207844
8e-12	7e-12	1e-11	2.553178599999228	0.47534049852008814
8e-12	8e-12	1e-12	2.5440195000010135	0.4753404985269142
8e-12	8e-12	2e-12	2.8040049000010185	0.47534049852622706
8e-12	8e-12	3e-12	2.784192900002381	0.47534049852552884
8e-12	8e-12	4e-12	2.5932774000029895	0.475340498524841
8e-12	8e-12	5e-12	2.6234269000015047	0.47534049852415305
8e-12	8e-12	5.9999999999999995e-12	2.533071599998948	0.4753404985234606
8e-12	8e-12	7e-12	2.5206230000003416	0.47534049852277027
8e-12	8e-12	8e-12	2.627010899999732	0.47534049852207694
8e-12	8e-12	9e-12	2.58616930000062	0.4753404985213969
8e-12	8e-12	1e-11	2.508841899998515	0.47534049852070603
8e-12	9e-12	1e-12	2.5286622999992687	0.4753404985275266
8e-12	9e-12	2e-12	2.5513274000004458	0.47534049852684124
8e-12	9e-12	3e-12	2.9376956000014616	0.4753404985261541
8e-12	9e-12	4e-12	2.8780664000005345	0.4753404985254587
8e-12	9e-12	5e-12	2.891103399997519	0.475340498524766
8e-12	9e-12	5.9999999999999995e-12	3.589357500000915	0.4753404985240786
8e-12	9e-12	7e-12	3.259563999999955	0.47534049852339444
8e-12	9e-12	8e-12	2.8969820000020263	0.4753404985226968
8e-12	9e-12	9e-12	2.651985999997123	0.47534049852201865
8e-12	9e-12	1e-11	2.522768200000428	0.47534049852132965
8e-12	1e-11	1e-12	2.6099033999998937	0.4753404985281381
8e-12	1e-11	2e-12	2.5215475000004517	0.4753404985274511
8e-12	1e-11	3e-12	2.589816300001985	0.4753404985267615
8e-12	1e-11	4e-12	2.65626980000161	0.4753404985260722
8e-12	1e-11	5e-12	2.592951099999482	0.4753404985253906
8e-12	1e-11	5.9999999999999995e-12	2.7861152999976184	0.4753404985246992
8e-12	1e-11	7e-12	3.1306072999977914	0.47534049852401183
8e-12	1e-11	8e-12	3.384476499999437	0.47534049852332116
8e-12	1e-11	9e-12	3.274519099999452	0.47534049852263643
8e-12	1e-11	1e-11	2.676550899999711	0.47534049852194216
9e-12	1e-12	1e-12	2.607268200001272	0.47534046750424575
9e-12	1e-12	2e-12	2.4939658000002964	0.47534046750356584
9e-12	1e-12	3e-12	2.491708800000197	0.4753404675028787
9e-12	1e-12	4e-12	2.4899487999973644	0.4753404675021954
9e-12	1e-12	5e-12	2.578396900000371	0.47534046750150927
9e-12	1e-12	5.9999999999999995e-12	2.688494999998511	0.4753404675008229
9e-12	1e-12	7e-12	2.5211903999988863	0.47534046750013587
9e-12	1e-12	8e-12	2.487760600000911	0.47534046749945047
9e-12	1e-12	9e-12	2.570649900000717	0.4753404674987588
9e-12	1e-12	1e-11	2.4984102999987954	0.47534046749806763
9e-12	2e-12	1e-12	2.535337699999218	0.4753404675048633
9e-12	2e-12	2e-12	2.484708399999363	0.4753404675041767
9e-12	2e-12	3e-12	2.5112909999988915	0.4753404675034917
9e-12	2e-12	4e-12	2.4835008999980346	0.4753404675028104
9e-12	2e-12	5e-12	2.493939899999532	0.47534046750211745
9e-12	2e-12	5.9999999999999995e-12	2.491700000002311	0.47534046750143155
9e-12	2e-12	7e-12	2.535370300000068	0.4753404675007512
9e-12	2e-12	8e-12	2.52838089999932	0.47534046750006165
9e-12	2e-12	9e-12	2.509658999999374	0.4753404674993714
9e-12	2e-12	1e-11	2.5326187999999092	0.4753404674986827
9e-12	3e-12	1e-12	2.633694399999513	0.47534046750548764
9e-12	3e-12	2e-12	2.5090175999976054	0.4753404675047877
9e-12	3e-12	3e-12	2.719055699999444	0.4753404675041076
9e-12	3e-12	4e-12	3.0426842999986548	0.47534046750342135
9e-12	3e-12	5e-12	3.8855307000012544	0.47534046750273007
9e-12	3e-12	5.9999999999999995e-12	3.083289700000023	0.4753404675020507
9e-12	3e-12	7e-12	3.0382170000011683	0.4753404675013598
9e-12	3e-12	8e-12	2.637004700001853	0.47534046750066555
9e-12	3e-12	9e-12	2.797025300002133	0.4753404674999864
9e-12	3e-12	1e-11	3.0267738999973517	0.4753404674992977
9e-12	4e-12	1e-12	5.002510899998015	0.4753404675061033
9e-12	4e-12	2e-12	4.053023199998279	0.475340467505411
9e-12	4e-12	3e-12	3.5995437999990827	0.4753404675047169
9e-12	4e-12	4e-12	4.321922200000699	0.4753404675040399
9e-12	4e-12	5e-12	3.4935150999990583	0.47534046750335546
9e-12	4e-12	5.9999999999999995e-12	2.8934814000022016	0.47534046750266234
9e-12	4e-12	7e-12	2.5828803000003973	0.47534046750198744
9e-12	4e-12	8e-12	2.870029500001692	0.47534046750129766
9e-12	4e-12	9e-12	2.8454794000026595	0.47534046750059694
9e-12	4e-12	1e-11	3.2440729000009014	0.47534046749990966
9e-12	5e-12	1e-12	3.6638899000026868	0.47534046750672193
9e-12	5e-12	2e-12	5.253146999999444	0.4753404675060241
9e-12	5e-12	3e-12	2.6211235999981	0.47534046750533876
9e-12	5e-12	4e-12	2.628595900001528	0.4753404675046605
9e-12	5e-12	5e-12	2.6925608000019565	0.4753404675039635
9e-12	5e-12	5.9999999999999995e-12	2.605066899999656	0.4753404675032715
9e-12	5e-12	7e-12	2.5182976000032795	0.4753404675025888
9e-12	5e-12	8e-12	2.5635959999999614	0.47534046750190584
9e-12	5e-12	9e-12	2.5184853999999177	0.4753404675012264
9e-12	5e-12	1e-11	2.9859378000001016	0.4753404675005386
9e-12	5.9999999999999995e-12	1e-12	3.571764300002542	0.4753404675073333
9e-12	5.9999999999999995e-12	2e-12	2.830401700000948	0.4753404675066437
9e-12	5.9999999999999995e-12	3e-12	2.6620650999975624	0.47534046750596193
9e-12	5.9999999999999995e-12	4e-12	2.549562700001843	0.47534046750527614
9e-12	5.9999999999999995e-12	5e-12	2.6079460000000836	0.47534046750459635
9e-12	5.9999999999999995e-12	5.9999999999999995e-12	2.582987599998887	0.4753404675039031
9e-12	5.9999999999999995e-12	7e-12	2.6321925000011106	0.47534046750321024
9e-12	5.9999999999999995e-12	8e-12	2.6030843000007735	0.4753404675025144
9e-12	5.9999999999999995e-12	9e-12	2.5202176999991934	0.4753404675018307
9e-12	5.9999999999999995e-12	1e-11	2.527288299999782	0.475340467501144
9e-12	7e-12	1e-12	2.520052299998497	0.47534046750794967
9e-12	7e-12	2e-12	2.5554792000002635	0.4753404675072611
9e-12	7e-12	3e-12	2.592341399998986	0.4753404675065622
9e-12	7e-12	4e-12	2.614174099999218	0.4753404675058884
9e-12	7e-12	5e-12	2.5923841999974684	0.47534046750519554
9e-12	7e-12	5.9999999999999995e-12	2.6139947999981814	0.47534046750452297
9e-12	7e-12	7e-12	2.54870099999971	0.4753404675038324
9e-12	7e-12	8e-12	2.544839199999842	0.47534046750314185
9e-12	7e-12	9e-12	2.528379600000335	0.4753404675024519
9e-12	7e-12	1e-11	2.6026907000014035	0.47534046750176834
9e-12	8e-12	1e-12	2.5365803000022424	0.47534046750857595
9e-12	8e-12	2e-12	2.7172286999993958	0.4753404675078893
9e-12	8e-12	3e-12	2.529761599998892	0.475340467507195
9e-12	8e-12	4e-12	2.509762199999386	0.47534046750649916
9e-12	8e-12	5e-12	2.4890358000011474	0.47534046750581466
9e-12	8e-12	5.9999999999999995e-12	2.524727599997277	0.47534046750513204
9e-12	8e-12	7e-12	2.5789384999989124	0.47534046750444847
9e-12	8e-12	8e-12	2.592165699999896	0.4753404675037652
9e-12	8e-12	9e-12	2.5663129999993544	0.4753404675030849
9e-12	8e-12	1e-11	2.516732799998863	0.47534046750238934
9e-12	9e-12	1e-12	2.671428300000116	0.47534046750919157
9e-12	9e-12	2e-12	2.5442709999988438	0.475340467508502
9e-12	9e-12	3e-12	2.5086171999973885	0.4753404675078149
9e-12	9e-12	4e-12	2.5142923000021256	0.47534046750712744
9e-12	9e-12	5e-12	2.607723699999042	0.4753404675064353
9e-12	9e-12	5.9999999999999995e-12	2.630481599997438	0.47534046750574727
9e-12	9e-12	7e-12	2.6351077999970585	0.4753404675050644
9e-12	9e-12	8e-12	2.6093368000001647	0.47534046750438674
9e-12	9e-12	9e-12	2.54740259999744	0.4753404675036971
9e-12	9e-12	1e-11	2.535160300001735	0.4753404675030023
9e-12	1e-11	1e-12	2.5836125000023458	0.47534046750982156
9e-12	1e-11	2e-12	2.5445909000009124	0.4753404675091334
9e-12	1e-11	3e-12	2.495242099997995	0.475340467508446
9e-12	1e-11	4e-12	2.500645000000077	0.47534046750774894
9e-12	1e-11	5e-12	2.5113869000015256	0.47534046750705955
9e-12	1e-11	5.9999999999999995e-12	2.49921969999923	0.47534046750636905
9e-12	1e-11	7e-12	2.5353035000007367	0.47534046750568004
9e-12	1e-11	8e-12	2.774036299997533	0.475340467505001
9e-12	1e-11	9e-12	2.662281199998688	0.47534046750431275
9e-12	1e-11	1e-11	2.5633465999999316	0.47534046750363423
1e-11	1e-12	1e-12	2.5161589000017557	0.4753404364859341
1e-11	1e-12	2e-12	2.5250564999987546	0.4753404364852425
1e-11	1e-12	3e-12	2.514027899997018	0.47534043648455576
1e-11	1e-12	4e-12	2.6431131000026653	0.47534043648387225
1e-11	1e-12	5e-12	4.41918010000154	0.47534043648319624
1e-11	1e-12	5.9999999999999995e-12	3.7330839000023843	0.4753404364825085
1e-11	1e-12	7e-12	2.695258700001432	0.475340436481823
1e-11	1e-12	8e-12	2.507413399998768	0.47534043648113045
1e-11	1e-12	9e-12	2.5319337000000814	0.47534043648043833
1e-11	1e-12	1e-11	2.525126900000032	0.47534043647975444
1e-11	2e-12	1e-12	2.548292700001184	0.4753404364865642
1e-11	2e-12	2e-12	2.5369613000002573	0.47534043648587443
1e-11	2e-12	3e-12	2.5276919999996608	0.4753404364851765
1e-11	2e-12	4e-12	2.5033683000001474	0.4753404364844936
1e-11	2e-12	5e-12	2.5478487000000314	0.4753404364838103
1e-11	2e-12	5.9999999999999995e-12	2.519170199997461	0.4753404364831281
1e-11	2e-12	7e-12	2.5200789000009536	0.47534043648244173
1e-11	2e-12	8e-12	2.519956699998147	0.475340436481764
1e-11	2e-12	9e-12	3.2120020000002114	0.47534043648107177
1e-11	2e-12	1e-11	3.8937030999986746	0.47534043648037355
1e-11	3e-12	1e-12	3.693353099999513	0.47534043648717406
1e-11	3e-12	2e-12	3.726483799997368	0.47534043648648117
1e-11	3e-12	3e-12	3.6231229000004532	0.4753404364857982
1e-11	3e-12	4e-12	3.75851369999873	0.47534043648511154
1e-11	3e-12	5e-12	3.5958367999992333	0.4753404364844311
1e-11	3e-12	5.9999999999999995e-12	4.09881569999925	0.4753404364837448
1e-11	3e-12	7e-12	4.268686000003072	0.4753404364830708
1e-11	3e-12	8e-12	3.544513899996673	0.47534043648238744
1e-11	3e-12	9e-12	3.650082200001634	0.4753404364816984
1e-11	3e-12	1e-11	3.616930500000308	0.4753404364810163
1e-11	4e-12	1e-12	3.333419099999446	0.4753404364877897
1e-11	4e-12	2e-12	3.6785480999969877	0.47534043648710267
1e-11	4e-12	3e-12	3.771589399999357	0.4753404364864135
1e-11	4e-12	4e-12	2.8821963999980653	0.47534043648572655
1e-11	4e-12	5e-12	2.7537033000007796	0.475340436485041
1e-11	4e-12	5.9999999999999995e-12	2.860496299999795	0.4753404364843542
1e-11	4e-12	7e-12	2.9064703000003647	0.475340436483667
1e-11	4e-12	8e-12	2.483442400000058	0.47534043648298246
1e-11	4e-12	9e-12	2.6428994000016246	0.47534043648230007
1e-11	4e-12	1e-11	2.589957399999548	0.4753404364816133
1e-11	5e-12	1e-12	2.640425099998538	0.47534043648842067
1e-11	5e-12	2e-12	2.49536160000207	0.4753404364877363
1e-11	5e-12	3e-12	3.2574654999989434	0.47534043648703905
1e-11	5e-12	4e-12	2.7234922999996343	0.47534043648635205
1e-11	5e-12	5e-12	3.2020596000002115	0.47534043648566654
1e-11	5e-12	5.9999999999999995e-12	2.7992294000032416	0.47534043648496993
1e-11	5e-12	7e-12	2.683960599999409	0.4753404364842822
1e-11	5e-12	8e-12	3.054290600000968	0.47534043648359225
1e-11	5e-12	9e-12	2.9679155000012543	0.47534043648290875
1e-11	5e-12	1e-11	2.545018100001471	0.4753404364822291
1e-11	5.9999999999999995e-12	1e-12	3.5211650999990525	0.4753404364890462
1e-11	5.9999999999999995e-12	2e-12	3.536998300001869	0.47534043648835556
1e-11	5.9999999999999995e-12	3e-12	3.3115426000003936	0.47534043648766844
1e-11	5.9999999999999995e-12	4e-12	3.054057399996964	0.4753404364869731
1e-11	5.9999999999999995e-12	5e-12	4.606499200002872	0.475340436486285
1e-11	5.9999999999999995e-12	5.9999999999999995e-12	5.929985700000543	0.47534043648559104
1e-11	5.9999999999999995e-12	7e-12	4.72256710000147	0.47534043648490787
1e-11	5.9999999999999995e-12	8e-12	4.567397099999653	0.47534043648422
1e-11	5.9999999999999995e-12	9e-12	4.529192800000601	0.4753404364835251
1e-11	5.9999999999999995e-12	1e-11	4.232157299997198	0.4753404364828404
1e-11	7e-12	1e-12	3.5988900999982434	0.4753404364896499
1e-11	7e-12	2e-12	3.858876099999179	0.47534043648896973
1e-11	7e-12	3e-12	2.8364297000007355	0.47534043648827895
1e-11	7e-12	4e-12	2.7641702000000805	0.47534043648758917
1e-11	7e-12	5e-12	2.6164239999998244	0.47534043648690694
1e-11	7e-12	5.9999999999999995e-12	2.692075200000545	0.4753404364862187
1e-11	7e-12	7e-12	2.7623213000006217	0.47534043648554025
1e-11	7e-12	8e-12	3.0571457000005466	0.4753404364848493
1e-11	7e-12	9e-12	2.8266556999988097	0.475340436484162
1e-11	7e-12	1e-11	2.841136600000027	0.4753404364834668
1e-11	8e-12	1e-12	2.880271599999105	0.4753404364902687
1e-11	8e-12	2e-12	3.623631500002375	0.4753404364895757
1e-11	8e-12	3e-12	3.2144093999995675	0.4753404364888947
1e-11	8e-12	4e-12	3.373285699999542	0.47534043648820845
1e-11	8e-12	5e-12	2.767170700000861	0.4753404364875108
1e-11	8e-12	5.9999999999999995e-12	2.5932071000024735	0.4753404364868278
1e-11	8e-12	7e-12	2.855452300002071	0.4753404364861434
1e-11	8e-12	8e-12	3.52306949999911	0.4753404364854642
1e-11	8e-12	9e-12	3.0486925000004703	0.4753404364847723
1e-11	8e-12	1e-11	2.8832683000000543	0.475340436484091
1e-11	9e-12	1e-12	3.352584799999022	0.47534043649089686
1e-11	9e-12	2e-12	3.4059511000014027	0.4753404364902062
1e-11	9e-12	3e-12	2.8064649000007194	0.4753404364895142
1e-11	9e-12	4e-12	4.0351104000001214	0.47534043648882457
1e-11	9e-12	5e-12	3.760276700002578	0.4753404364881333
1e-11	9e-12	5.9999999999999995e-12	3.1539540000012494	0.4753404364874412
1e-11	9e-12	7e-12	2.509968400001526	0.4753404364867519
1e-11	9e-12	8e-12	2.4970923999972	0.47534043648606805
1e-11	9e-12	9e-12	2.4963308999977016	0.4753404364853861
1e-11	9e-12	1e-11	2.5246435000008205	0.47534043648470287
1e-11	1e-11	1e-12	2.4974137999997765	0.47534043649151814
1e-11	1e-11	2e-12	2.484838899999886	0.47534043649083624
1e-11	1e-11	3e-12	2.4826536999971722	0.47534043649014224
1e-11	1e-11	4e-12	2.482787000000826	0.47534043648945185
1e-11	1e-11	5e-12	2.6029780999997456	0.47534043648876195
1e-11	1e-11	5.9999999999999995e-12	2.532731999999669	0.4753404364880726
1e-11	1e-11	7e-12	2.5621900000005553	0.4753404364873729
1e-11	1e-11	8e-12	2.516003799999453	0.4753404364866831
1e-11	1e-11	9e-12	2.5080887000003713	0.4753404364859955
1e-11	1e-11	1e-11	2.502425200000289	0.4753404364853179
