dt	solver_reference	solver_impedance	run_time	y
1e-12	1e-12	1e-12	2.7992891361936927	0.4753407156513914
1e-12	1e-12	2e-12	2.7737935138866305	0.4753407156506992
1e-12	1e-12	3e-12	2.786395711824298	0.47534071565002173
1e-12	1e-12	4e-12	2.7848056140355766	0.47534071564933345
1e-12	1e-12	5e-12	2.7811662210151553	0.47534071564864167
1e-12	1e-12	5.9999999999999995e-12	2.7684879479929805	0.4753407156479522
1e-12	1e-12	7e-12	2.785664814990014	0.47534071564726704
1e-12	1e-12	8e-12	2.77810439420864	0.47534071564658487
1e-12	1e-12	9e-12	2.7791598131880164	0.4753407156458902
1e-12	1e-12	1e-11	2.7739894199185073	0.47534071564520336
1e-12	2e-12	1e-12	2.767782123759389	0.47534071565202196
1e-12	2e-12	2e-12	2.7727106022648513	0.4753407156513308
1e-12	2e-12	3e-12	2.7703686729073524	0.4753407156506433
1e-12	2e-12	4e-12	2.7667281762696803	0.4753407156499521
1e-12	2e-12	5e-12	2.76138420868665	0.4753407156492603
1e-12	2e-12	5.9999999999999995e-12	2.7579543008469045	0.47534071564857344
1e-12	2e-12	7e-12	2.7696688128635287	0.47534071564787955
1e-12	2e-12	8e-12	2.7713934360072017	0.4753407156471993
1e-12	2e-12	9e-12	2.7603843938559294	0.4753407156465104
1e-12	2e-12	1e-11	2.7792570320889354	0.4753407156458296
1e-12	3e-12	1e-12	2.7778824386186898	0.4753407156526253
1e-12	3e-12	2e-12	2.770072154235095	0.47534071565193775
1e-12	3e-12	3e-12	2.766550067346543	0.4753407156512508
1e-12	3e-12	4e-12	2.777147094719112	0.4753407156505713
1e-12	3e-12	5e-12	2.7834330899640918	0.4753407156498866
1e-12	3e-12	5.9999999999999995e-12	2.788971582893282	0.47534071564919694
1e-12	3e-12	7e-12	2.7758198343217373	0.47534071564850144
1e-12	3e-12	8e-12	2.7842002734541893	0.47534071564781594
1e-12	3e-12	9e-12	2.787621167022735	0.4753407156471296
1e-12	3e-12	1e-11	2.760725039988756	0.47534071564644104
1e-12	4e-12	1e-12	2.7797039789147675	0.47534071565325325
1e-12	4e-12	2e-12	2.7894110712222755	0.47534071565256175
1e-12	4e-12	3e-12	2.7787500680424273	0.4753407156518648
1e-12	4e-12	4e-12	2.7732074772939086	0.475340715651185
1e-12	4e-12	5e-12	2.773136850912124	0.47534071565048996
1e-12	4e-12	5.9999999999999995e-12	2.7872995077632368	0.47534071564980324
1e-12	4e-12	7e-12	2.769414216745645	0.47534071564911823
1e-12	4e-12	8e-12	2.7781997439451516	0.47534071564843217
1e-12	4e-12	9e-12	2.779388602823019	0.47534071564774116
1e-12	4e-12	1e-11	2.7756580971181393	0.4753407156470561
1e-12	5e-12	1e-12	2.77134294481948	0.475340715653863
1e-12	5e-12	2e-12	2.768549657892436	0.475340715653176
1e-12	5e-12	3e-12	2.770697398111224	0.47534071565249575
1e-12	5e-12	4e-12	2.7670804536901414	0.4753407156518125
1e-12	5e-12	5e-12	2.774401303846389	0.47534071565112673
1e-12	5e-12	5.9999999999999995e-12	2.768076131120324	0.4753407156504356
1e-12	5e-12	7e-12	2.79435573797673	0.47534071564974245
1e-12	5e-12	8e-12	2.78468566108495	0.4753407156490547
1e-12	5e-12	9e-12	2.785627547185868	0.47534071564836855
1e-12	5e-12	1e-11	2.7766602342016995	0.4753407156476832
1e-12	5.9999999999999995e-12	1e-12	2.799902864266187	0.4753407156544823
1e-12	5.9999999999999995e-12	2e-12	2.770460951142013	0.4753407156537969
1e-12	5.9999999999999995e-12	3e-12	2.782392079010606	0.47534071565310565
1e-12	5.9999999999999995e-12	4e-12	2.7640460710972548	0.47534071565242625
1e-12	5.9999999999999995e-12	5e-12	2.7817146950401366	0.475340715651738
1e-12	5.9999999999999995e-12	5.9999999999999995e-12	2.779037562198937	0.47534071565105684
1e-12	5.9999999999999995e-12	7e-12	2.7670902865938842	0.4753407156503737
1e-12	5.9999999999999995e-12	8e-12	2.7740091900341213	0.47534071564967917
1e-12	5.9999999999999995e-12	9e-12	2.770885941106826	0.47534071564898833
1e-12	5.9999999999999995e-12	1e-11	2.7641557077877223	0.4753407156482975
1e-12	7e-12	1e-12	2.7686624992638826	0.47534071565508995
1e-12	7e-12	2e-12	2.763921074103564	0.47534071565441244
1e-12	7e-12	3e-12	2.7509907321073115	0.4753407156537294
1e-12	7e-12	4e-12	2.7642466160468757	0.4753407156530445
1e-12	7e-12	5e-12	2.779025032185018	0.47534071565235897
1e-12	7e-12	5.9999999999999995e-12	2.7637668210081756	0.4753407156516657
1e-12	7e-12	7e-12	2.7628971370868385	0.4753407156509782
1e-12	7e-12	8e-12	2.7655741912312806	0.4753407156503039
1e-12	7e-12	9e-12	2.7631760868243873	0.4753407156496061
1e-12	7e-12	1e-11	2.7591068781912327	0.4753407156489223
1e-12	8e-12	1e-12	2.772818859666586	0.4753407156557248
1e-12	8e-12	2e-12	2.7744278232567012	0.47534071565503183
1e-12	8e-12	3e-12	2.772983360104263	0.4753407156543403
1e-12	8e-12	4e-12	2.768679936416447	0.4753407156536475
1e-12	8e-12	5e-12	2.773007599171251	0.47534071565297215
1e-12	8e-12	5.9999999999999995e-12	2.761395872104913	0.4753407156522823
1e-12	8e-12	7e-12	2.7547778212465346	0.47534071565160246
1e-12	8e-12	8e-12	2.7533892281353474	0.47534071565090763
1e-12	8e-12	9e-12	2.758306434378028	0.47534071565023467
1e-12	8e-12	1e-11	2.746558246668428	0.4753407156495506
1e-12	9e-12	1e-12	2.7447796720080078	0.4753407156563354
1e-12	9e-12	2e-12	2.750216986052692	0.4753407156556563
1e-12	9e-12	3e-12	2.7566418210044503	0.47534071565495917
1e-12	9e-12	4e-12	2.7667000899091363	0.4753407156542747
1e-12	9e-12	5e-12	2.7649395670741796	0.47534071565358704
1e-12	9e-12	5.9999999999999995e-12	2.741718958131969	0.47534071565290026
1e-12	9e-12	7e-12	2.7280109180137515	0.47534071565220853
1e-12	9e-12	8e-12	2.743141361977905	0.4753407156515336
1e-12	9e-12	9e-12	2.7281107078306377	0.4753407156508389
1e-12	9e-12	1e-11	2.740901606157422	0.4753407156501593
1e-12	1e-11	1e-12	2.725243126042187	0.47534071565695396
1e-12	1e-11	2e-12	2.762538657989353	0.47534071565627667
1e-12	1e-11	3e-12	2.780021509155631	0.4753407156555809
1e-12	1e-11	4e-12	2.772563073784113	0.475340715654902
1e-12	1e-11	5e-12	2.779772410169244	0.47534071565420793
1e-12	1e-11	5.9999999999999995e-12	2.786901280283928	0.4753407156535182
1e-12	1e-11	7e-12	2.8052036110311747	0.4753407156528286
1e-12	1e-11	8e-12	2.7849775180220604	0.47534071565213964
1e-12	1e-11	9e-12	2.7823535669595003	0.47534071565145775
1e-12	1e-11	1e-11	2.780761788133532	0.4753407156507718
2e-12	1e-12	1e-12	2.792785075958818	0.47534068463292406
2e-12	1e-12	2e-12	2.78224161779508	0.4753406846322384
2e-12	1e-12	3e-12	2.788323906250298	0.4753406846315421
2e-12	1e-12	4e-12	2.781176898162812	0.4753406846308623
2e-12	1e-12	5e-12	2.7950448910705745	0.475340684630174
2e-12	1e-12	5.9999999999999995e-12	2.8752411659806967	0.4753406846294902
2e-12	1e-12	7e-12	2.8053747713565826	0.475340684628805
2e-12	1e-12	8e-12	2.736335227265954	0.4753406846281151
2e-12	1e-12	9e-12	2.7175158127211034	0.47534068462742585
2e-12	1e-12	1e-11	2.7515700049698353	0.47534068462673
2e-12	2e-12	1e-12	2.7425151439383626	0.4753406846335385
2e-12	2e-12	2e-12	2.7462867461144924	0.47534068463284745
2e-12	2e-12	3e-12	2.7468370581045747	0.4753406846321618
2e-12	2e-12	4e-12	2.7574255890212953	0.4753406846314666
2e-12	2e-12	5e-12	2.757590056862682	0.47534068463078266
2e-12	2e-12	5.9999999999999995e-12	2.760850626975298	0.4753406846301045
2e-12	2e-12	7e-12	2.7504169419407845	0.47534068462942525
2e-12	2e-12	8e-12	2.753981081303209	0.4753406846287319
2e-12	2e-12	9e-12	2.7534055397845805	0.475340684628052
2e-12	2e-12	1e-11	2.756062638014555	0.47534068462735624
2e-12	3e-12	1e-12	2.75557766482234	0.4753406846341611
2e-12	3e-12	2e-12	2.7677966710180044	0.4753406846334806
2e-12	3e-12	3e-12	2.75440810713917	0.47534068463279583
2e-12	3e-12	4e-12	2.7488032621331513	0.47534068463210394
2e-12	3e-12	5e-12	2.7564275609329343	0.47534068463141155
2e-12	3e-12	5.9999999999999995e-12	2.758498892188072	0.4753406846307216
2e-12	3e-12	7e-12	2.760166035965085	0.47534068463002993
2e-12	3e-12	8e-12	2.7598492628894746	0.4753406846293538
2e-12	3e-12	9e-12	2.7621545679867268	0.4753406846286591
2e-12	3e-12	1e-11	2.748418687377125	0.47534068462797124
2e-12	4e-12	1e-12	2.746463572140783	0.4753406846347909
2e-12	4e-12	2e-12	2.7374694580212235	0.47534068463409995
2e-12	4e-12	3e-12	2.76223611086607	0.4753406846334134
2e-12	4e-12	4e-12	2.7913814317435026	0.4753406846327311
2e-12	4e-12	5e-12	2.753999723121524	0.4753406846320452
2e-12	4e-12	5.9999999999999995e-12	2.7428074362687767	0.47534068463134965
2e-12	4e-12	7e-12	2.7504915799945593	0.4753406846306471
2e-12	4e-12	8e-12	2.746362069156021	0.4753406846299647
2e-12	4e-12	9e-12	2.7642434649169445	0.47534068462928586
2e-12	4e-12	1e-11	2.752047440968454	0.4753406846285966
2e-12	5e-12	1e-12	2.7515796651132405	0.4753406846354003
2e-12	5e-12	2e-12	2.7431969451718032	0.475340684634711
2e-12	5e-12	3e-12	2.741904831957072	0.47534068463402485
2e-12	5e-12	4e-12	2.7390992022119462	0.47534068463334206
2e-12	5e-12	5e-12	2.749174599070102	0.475340684632655
2e-12	5e-12	5.9999999999999995e-12	2.7490296913310885	0.4753406846319681
2e-12	5e-12	7e-12	2.7444411059841514	0.4753406846312734
2e-12	5e-12	8e-12	2.7449805210344493	0.4753406846305791
2e-12	5e-12	9e-12	2.743456448893994	0.47534068462989365
2e-12	5e-12	1e-11	2.700224182102829	0.47534068462921963
2e-12	5.9999999999999995e-12	1e-12	2.741517171729356	0.4753406846360159
2e-12	5.9999999999999995e-12	2e-12	2.743314709048718	0.4753406846353235
2e-12	5.9999999999999995e-12	3e-12	2.7454249998554587	0.4753406846346218
2e-12	5.9999999999999995e-12	4e-12	2.754093282856047	0.4753406846339388
2e-12	5.9999999999999995e-12	5e-12	2.744291204959154	0.47534068463326423
2e-12	5.9999999999999995e-12	5.9999999999999995e-12	2.747052861377597	0.4753406846325829
2e-12	5.9999999999999995e-12	7e-12	2.742926453240216	0.475340684631894
2e-12	5.9999999999999995e-12	8e-12	2.739613202866167	0.47534068463120527
2e-12	5.9999999999999995e-12	9e-12	2.752766989171505	0.47534068463051415
2e-12	5.9999999999999995e-12	1e-11	2.728027569130063	0.4753406846298219
2e-12	7e-12	1e-12	2.760293927974999	0.47534068463663076
2e-12	7e-12	2e-12	2.709213344845921	0.475340684635943
2e-12	7e-12	3e-12	2.7035937500186265	0.47534068463525775
2e-12	7e-12	4e-12	2.7023781118914485	0.4753406846345631
2e-12	7e-12	5e-12	2.7365410989150405	0.4753406846338724
2e-12	7e-12	5.9999999999999995e-12	2.7409113459289074	0.4753406846331871
2e-12	7e-12	7e-12	2.7401499249972403	0.47534068463250606
2e-12	7e-12	8e-12	2.7504616328515112	0.4753406846318257
2e-12	7e-12	9e-12	2.75287631386891	0.47534068463113766
2e-12	7e-12	1e-11	2.7388584222644567	0.47534068463044915
2e-12	8e-12	1e-12	2.7395196119323373	0.47534068463725176
2e-12	8e-12	2e-12	2.7381410067901015	0.47534068463656703
2e-12	8e-12	3e-12	2.738281710073352	0.47534068463588197
2e-12	8e-12	4e-12	2.7324259020388126	0.47534068463519263
2e-12	8e-12	5e-12	2.7508127936162055	0.4753406846344962
2e-12	8e-12	5.9999999999999995e-12	2.7571932771243155	0.47534068463380613
2e-12	8e-12	7e-12	2.761374454945326	0.47534068463312
2e-12	8e-12	8e-12	2.7505803531967103	0.47534068463243334
2e-12	8e-12	9e-12	2.7421209192834795	0.47534068463175244
2e-12	8e-12	1e-11	2.754951958078891	0.4753406846310682
2e-12	9e-12	1e-12	2.7540940828621387	0.47534068463786755
2e-12	9e-12	2e-12	2.7432946949265897	0.4753406846371847
2e-12	9e-12	3e-12	2.7671718560159206	0.47534068463649315
2e-12	9e-12	4e-12	2.7531718187965453	0.47534068463581425
2e-12	9e-12	5e-12	2.7582298517227173	0.475340684635121
2e-12	9e-12	5.9999999999999995e-12	2.7600671690888703	0.47534068463442636
2e-12	9e-12	7e-12	2.79117835406214	0.475340684633734
2e-12	9e-12	8e-12	2.74901225278154	0.4753406846330604
2e-12	9e-12	9e-12	2.758734646253288	0.47534068463236995
2e-12	9e-12	1e-11	2.74229290895164	0.4753406846316754
2e-12	1e-11	1e-12	2.749840535223484	0.47534068463848606
2e-12	1e-11	2e-12	2.7702340628020465	0.4753406846377965
2e-12	1e-11	3e-12	2.761467345058918	0.47534068463710705
2e-12	1e-11	4e-12	2.746865419205278	0.47534068463642837
2e-12	1e-11	5e-12	2.7289318991824985	0.4753406846357414
2e-12	1e-11	5.9999999999999995e-12	2.7539294469170272	0.4753406846350465
2e-12	1e-11	7e-12	2.747031203005463	0.4753406846343576
2e-12	1e-11	8e-12	2.7477045292034745	0.4753406846336631
2e-12	1e-11	9e-12	2.7407574681565166	0.4753406846329827
2e-12	1e-11	1e-11	2.753682328388095	0.47534068463230034
3e-12	1e-12	1e-12	2.7371107591316104	0.47534065361446504
3e-12	1e-12	2e-12	2.7356229829601943	0.47534065361377686
3e-12	1e-12	3e-12	2.7440004851669073	0.475340653613085
3e-12	1e-12	4e-12	2.7384631633758545	0.4753406536124035
3e-12	1e-12	5e-12	2.7687760032713413	0.475340653611721
3e-12	1e-12	5.9999999999999995e-12	2.7371320920065045	0.47534065361102784
3e-12	1e-12	7e-12	2.749170103110373	0.4753406536103374
3e-12	1e-12	8e-12	2.7564127510413527	0.47534065360964883
3e-12	1e-12	9e-12	2.753826825879514	0.4753406536089606
3e-12	1e-12	1e-11	2.7369586303830147	0.4753406536082679
3e-12	2e-12	1e-12	2.742218424100429	0.4753406536150756
3e-12	2e-12	2e-12	2.739138266071677	0.4753406536143863
3e-12	2e-12	3e-12	2.741936947684735	0.47534065361369693
3e-12	2e-12	4e-12	2.7818791531026363	0.47534065361300937
3e-12	2e-12	5e-12	2.7432387862354517	0.4753406536123231
3e-12	2e-12	5.9999999999999995e-12	2.78881704993546	0.47534065361164857
3e-12	2e-12	7e-12	2.764174963347614	0.47534065361095984
3e-12	2e-12	8e-12	2.7468510856851935	0.4753406536102692
3e-12	2e-12	9e-12	2.7562446258962154	0.47534065360957845
3e-12	2e-12	1e-11	2.751071204431355	0.4753406536088884
3e-12	3e-12	1e-12	2.7392123881727457	0.47534065361570055
3e-12	3e-12	2e-12	2.746551782824099	0.4753406536150083
3e-12	3e-12	3e-12	2.7468175534158945	0.4753406536143267
3e-12	3e-12	4e-12	2.7505747778341174	0.47534065361363886
3e-12	3e-12	5e-12	2.7509762053377926	0.4753406536129378
3e-12	3e-12	5.9999999999999995e-12	2.752391191199422	0.4753406536122519
3e-12	3e-12	7e-12	2.742649849038571	0.4753406536115638
3e-12	3e-12	8e-12	2.74003427894786	0.47534065361087524
3e-12	3e-12	9e-12	2.7459198581054807	0.47534065361019034
3e-12	3e-12	1e-11	2.7558224638924003	0.47534065360949385
3e-12	4e-12	1e-12	2.738337244838476	0.47534065361632893
3e-12	4e-12	2e-12	2.73630543705076	0.4753406536156379
3e-12	4e-12	3e-12	2.7412163238041103	0.47534065361494543
3e-12	4e-12	4e-12	2.734985854011029	0.47534065361425654
3e-12	4e-12	5e-12	2.7567153521813452	0.4753406536135673
3e-12	4e-12	5.9999999999999995e-12	2.7341739437542856	0.4753406536128779
3e-12	4e-12	7e-12	2.7532323682680726	0.47534065361219047
3e-12	4e-12	8e-12	2.7313339011743665	0.4753406536114912
3e-12	4e-12	9e-12	2.736819081939757	0.47534065361080674
3e-12	4e-12	1e-11	2.739830683916807	0.47534065361012084
3e-12	5e-12	1e-12	2.7373549109324813	0.47534065361694244
3e-12	5e-12	2e-12	2.734393124934286	0.4753406536162572
3e-12	5e-12	3e-12	2.7278668922372162	0.47534065361556954
3e-12	5e-12	4e-12	2.738472279626876	0.47534065361487615
3e-12	5e-12	5e-12	2.73251685872674	0.4753406536141896
3e-12	5e-12	5.9999999999999995e-12	2.734230979345739	0.47534065361350475
3e-12	5e-12	7e-12	2.7405910389497876	0.4753406536128111
3e-12	5e-12	8e-12	2.7397267632186413	0.47534065361212474
3e-12	5e-12	9e-12	2.784170791041106	0.4753406536114315
3e-12	5e-12	1e-11	2.7286917390301824	0.4753406536107393
3e-12	5.9999999999999995e-12	1e-12	2.7382963723503053	0.4753406536175551
3e-12	5.9999999999999995e-12	2e-12	2.7553221988491714	0.47534065361686656
3e-12	5.9999999999999995e-12	3e-12	2.7417660248465836	0.4753406536161727
3e-12	5.9999999999999995e-12	4e-12	2.7380921128205955	0.47534065361548844
3e-12	5.9999999999999995e-12	5e-12	2.736596672795713	0.47534065361480493
3e-12	5.9999999999999995e-12	5.9999999999999995e-12	2.7434480371885	0.4753406536141269
3e-12	5.9999999999999995e-12	7e-12	2.7358965249732137	0.4753406536134328
3e-12	5.9999999999999995e-12	8e-12	2.731345259118825	0.47534065361274563
3e-12	5.9999999999999995e-12	9e-12	2.704072878230363	0.4753406536120593
3e-12	5.9999999999999995e-12	1e-11	2.743735480122268	0.4753406536113699
3e-12	7e-12	1e-12	2.752940730191767	0.47534065361817734
3e-12	7e-12	2e-12	2.734351641032845	0.47534065361748845
3e-12	7e-12	3e-12	2.742492111865431	0.4753406536168029
3e-12	7e-12	4e-12	2.74251745082438	0.47534065361610917
3e-12	7e-12	5e-12	2.7014171951450408	0.47534065361542677
3e-12	7e-12	5.9999999999999995e-12	2.7402700637467206	0.47534065361473105
3e-12	7e-12	7e-12	2.734099900815636	0.47534065361404354
3e-12	7e-12	8e-12	2.741812684107572	0.47534065361335714
3e-12	7e-12	9e-12	2.7424401212483644	0.4753406536126799
3e-12	7e-12	1e-11	2.751768074929714	0.47534065361198846
3e-12	8e-12	1e-12	2.7343267928808928	0.4753406536187952
3e-12	8e-12	2e-12	2.7293334580026567	0.4753406536181197
3e-12	8e-12	3e-12	2.7376230428926647	0.47534065361742217
3e-12	8e-12	4e-12	2.7294256477616727	0.47534065361673106
3e-12	8e-12	5e-12	2.7306603328324854	0.4753406536160354
3e-12	8e-12	5.9999999999999995e-12	2.7476575640030205	0.47534065361535416
3e-12	8e-12	7e-12	2.7421928076073527	0.4753406536146631
3e-12	8e-12	8e-12	2.737754040863365	0.475340653613968
3e-12	8e-12	9e-12	2.733794169034809	0.4753406536132766
3e-12	8e-12	1e-11	2.773491556290537	0.4753406536125976
3e-12	9e-12	1e-12	2.724101242609322	0.47534065361941374
3e-12	9e-12	2e-12	2.7252657432109118	0.4753406536187332
3e-12	9e-12	3e-12	2.729427079670131	0.47534065361805067
3e-12	9e-12	4e-12	2.7275287308730185	0.4753406536173643
3e-12	9e-12	5e-12	2.7241008318960667	0.47534065361666805
3e-12	9e-12	5.9999999999999995e-12	2.758428977802396	0.4753406536159759
3e-12	9e-12	7e-12	2.737110748887062	0.4753406536152831
3e-12	9e-12	8e-12	2.7319980543106794	0.4753406536146003
3e-12	9e-12	9e-12	2.7269029556773603	0.4753406536139125
3e-12	9e-12	1e-11	2.7243112409487367	0.4753406536132205
3e-12	1e-11	1e-12	2.727277847006917	0.47534065362002886
3e-12	1e-11	2e-12	2.73149439599365	0.4753406536193342
3e-12	1e-11	3e-12	2.7215237501077354	0.47534065361865324
3e-12	1e-11	4e-12	2.721300282049924	0.47534065361797384
3e-12	1e-11	5e-12	2.7298470768146217	0.4753406536172935
3e-12	1e-11	5.9999999999999995e-12	2.7355164638720453	0.4753406536166158
3e-12	1e-11	7e-12	2.7345952317118645	0.4753406536159228
3e-12	1e-11	8e-12	2.7309322371147573	0.4753406536152289
3e-12	1e-11	9e-12	2.7363325571641326	0.4753406536145321
3e-12	1e-11	1e-11	2.733961054123938	0.4753406536138409
4e-12	1e-12	1e-12	2.7306440309621394	0.47534062259604304
4e-12	1e-12	2e-12	2.7323563899844885	0.4753406225953518
4e-12	1e-12	3e-12	2.734660380985588	0.4753406225946586
4e-12	1e-12	4e-12	2.728587124031037	0.47534062259397625
4e-12	1e-12	5e-12	2.724534049164504	0.4753406225932878
4e-12	1e-12	5.9999999999999995e-12	2.7204017443582416	0.47534062259259036
4e-12	1e-12	7e-12	2.734178391750902	0.4753406225918996
4e-12	1e-12	8e-12	2.7305823885835707	0.4753406225912209
4e-12	1e-12	9e-12	2.7274773959070444	0.4753406225905358
4e-12	1e-12	1e-11	2.7196286469697952	0.47534062258984405
4e-12	2e-12	1e-12	2.730263496749103	0.4753406225966446
4e-12	2e-12	2e-12	2.7446607020683587	0.4753406225959608
4e-12	2e-12	3e-12	2.716188277117908	0.4753406225952714
4e-12	2e-12	4e-12	2.709307590033859	0.4753406225945893
4e-12	2e-12	5e-12	2.720900740940124	0.4753406225939061
4e-12	2e-12	5.9999999999999995e-12	2.723458596970886	0.4753406225932177
4e-12	2e-12	7e-12	2.703353324905038	0.4753406225925368
4e-12	2e-12	8e-12	2.713138891849667	0.4753406225918382
4e-12	2e-12	9e-12	2.710656920913607	0.475340622591149
4e-12	2e-12	1e-11	2.7038751440122724	0.47534062259046916
4e-12	3e-12	1e-12	2.71873616008088	0.47534062259728116
4e-12	3e-12	2e-12	2.707394251599908	0.47534062259658844
4e-12	3e-12	3e-12	2.7046066280454397	0.47534062259589976
4e-12	3e-12	4e-12	2.6977644693106413	0.4753406225952089
4e-12	3e-12	5e-12	2.700129533652216	0.47534062259452603
4e-12	3e-12	5.9999999999999995e-12	2.70462849130854	0.47534062259383403
4e-12	3e-12	7e-12	2.6961965300142765	0.4753406225931484
4e-12	3e-12	8e-12	2.7080612699501216	0.4753406225924607
4e-12	3e-12	9e-12	2.6834034877829254	0.4753406225917684
4e-12	3e-12	1e-11	2.7048561763949692	0.47534062259107246
4e-12	4e-12	1e-12	2.6914997529238462	0.47534062259789467
4e-12	4e-12	2e-12	2.702370408922434	0.47534062259720766
4e-12	4e-12	3e-12	2.692736971657723	0.47534062259652055
4e-12	4e-12	4e-12	2.704020763747394	0.475340622595833
4e-12	4e-12	5e-12	2.6865962534211576	0.4753406225951496
4e-12	4e-12	5.9999999999999995e-12	2.702277629170567	0.47534062259446175
4e-12	4e-12	7e-12	2.693427767138928	0.47534062259376453
4e-12	4e-12	8e-12	2.696469051297754	0.4753406225930785
4e-12	4e-12	9e-12	2.6904651392251253	0.4753406225923961
4e-12	4e-12	1e-11	2.6887690350413322	0.4753406225917083
4e-12	5e-12	1e-12	2.712121304590255	0.4753406225985083
4e-12	5e-12	2e-12	2.698232315015048	0.4753406225978182
4e-12	5e-12	3e-12	2.6980684990994632	0.4753406225971306
4e-12	5e-12	4e-12	2.7107608690857887	0.47534062259645116
4e-12	5e-12	5e-12	2.6950382590293884	0.4753406225957634
4e-12	5e-12	5.9999999999999995e-12	2.6988035291433334	0.4753406225950724
4e-12	5e-12	7e-12	2.7026057550683618	0.4753406225943825
4e-12	5e-12	8e-12	2.709274153225124	0.4753406225937043
4e-12	5e-12	9e-12	2.7098504626192153	0.4753406225930138
4e-12	5e-12	1e-11	2.6908143060281873	0.4753406225923246
4e-12	5.9999999999999995e-12	1e-12	2.664987517055124	0.4753406225991368
4e-12	5.9999999999999995e-12	2e-12	2.7330052447505295	0.47534062259844684
4e-12	5.9999999999999995e-12	3e-12	2.695099402219057	0.4753406225977603
4e-12	5.9999999999999995e-12	4e-12	2.7058504289016128	0.4753406225970711
4e-12	5.9999999999999995e-12	5e-12	2.704155405983329	0.47534062259638515
4e-12	5.9999999999999995e-12	5.9999999999999995e-12	2.7059517516754568	0.4753406225957
4e-12	5.9999999999999995e-12	7e-12	2.7023761179298162	0.4753406225950068
4e-12	5.9999999999999995e-12	8e-12	2.7006265642121434	0.4753406225943172
4e-12	5.9999999999999995e-12	9e-12	2.720080832950771	0.475340622593631
4e-12	5.9999999999999995e-12	1e-11	2.7099183560349047	0.47534062259294696
4e-12	7e-12	1e-12	2.7161067579872906	0.4753406225997514
4e-12	7e-12	2e-12	2.713080673944205	0.4753406225990591
4e-12	7e-12	3e-12	2.712169085163623	0.475340622598368
4e-12	7e-12	4e-12	2.713686579838395	0.47534062259767984
4e-12	7e-12	5e-12	2.7127254270017147	0.4753406225969953
4e-12	7e-12	5.9999999999999995e-12	2.7261937060393393	0.47534062259630167
4e-12	7e-12	7e-12	2.7035225946456194	0.47534062259561494
4e-12	7e-12	8e-12	2.7091499930247664	0.47534062259493504
4e-12	7e-12	9e-12	2.7068949728272855	0.47534062259424814
4e-12	7e-12	1e-11	2.70715319365263	0.47534062259355936
4e-12	8e-12	1e-12	2.7109317858703434	0.4753406226003699
4e-12	8e-12	2e-12	2.7100371629931033	0.47534062259968196
4e-12	8e-12	3e-12	2.7112053390592337	0.4753406225989932
4e-12	8e-12	4e-12	2.7025059279985726	0.47534062259830206
4e-12	8e-12	5e-12	2.740860869176686	0.4753406225976195
4e-12	8e-12	5.9999999999999995e-12	2.7084459378384054	0.4753406225969263
4e-12	8e-12	7e-12	2.7084698947146535	0.4753406225962288
4e-12	8e-12	8e-12	2.7075540078803897	0.4753406225955448
4e-12	8e-12	9e-12	2.7028033789247274	0.47534062259486837
4e-12	8e-12	1e-11	2.693750388920307	0.47534062259418736
4e-12	9e-12	1e-12	2.7319287629798055	0.4753406226009879
4e-12	9e-12	2e-12	2.7383898170664907	0.4753406226002962
4e-12	9e-12	3e-12	2.7263478389941156	0.47534062259960663
4e-12	9e-12	4e-12	2.7380623021163046	0.4753406225989155
4e-12	9e-12	5e-12	2.732295848429203	0.4753406225982297
4e-12	9e-12	5.9999999999999995e-12	2.75662014586851	0.4753406225975426
4e-12	9e-12	7e-12	2.733009901829064	0.475340622596851
4e-12	9e-12	8e-12	2.7367078717797995	0.47534062259617177
4e-12	9e-12	9e-12	2.7269911537878215	0.4753406225954729
4e-12	9e-12	1e-11	2.7187433768995106	0.4753406225947926
4e-12	1e-11	1e-12	2.728473554830998	0.47534062260161436
4e-12	1e-11	2e-12	2.7248458019457757	0.4753406226009274
4e-12	1e-11	3e-12	2.730518865864724	0.4753406226002397
4e-12	1e-11	4e-12	2.729839739855379	0.47534062259954557
4e-12	1e-11	5e-12	2.72830103430897	0.4753406225988518
4e-12	1e-11	5.9999999999999995e-12	2.734838887117803	0.47534062259816434
4e-12	1e-11	7e-12	2.722988734021783	0.4753406225974735
4e-12	1e-11	8e-12	2.7255865009501576	0.4753406225967788
4e-12	1e-11	9e-12	2.7414186829701066	0.47534062259609555
4e-12	1e-11	1e-11	2.7279439540579915	0.4753406225954099
5e-12	1e-12	1e-12	2.736690345685929	0.47534059157765224
5e-12	1e-12	2e-12	2.728498934302479	0.4753405915769685
5e-12	1e-12	3e-12	2.7548846378922462	0.4753405915762833
5e-12	1e-12	4e-12	2.72998602129519	0.4753405915755933
5e-12	1e-12	5e-12	2.7216781927272677	0.4753405915749024
5e-12	1e-12	5.9999999999999995e-12	2.7365759341046214	0.4753405915742162
5e-12	1e-12	7e-12	2.73843611497432	0.47534059157352676
5e-12	1e-12	8e-12	2.7371586840599775	0.47534059157284075
5e-12	1e-12	9e-12	2.7285356037318707	0.47534059157215525
5e-12	1e-12	1e-11	2.7276782179251313	0.4753405915714731
5e-12	2e-12	1e-12	2.729935538955033	0.4753405915782788
5e-12	2e-12	2e-12	2.722578675020486	0.4753405915775954
5e-12	2e-12	3e-12	2.7331865848973393	0.47534059157690167
5e-12	2e-12	4e-12	2.7147989007644355	0.47534059157621544
5e-12	2e-12	5e-12	2.716038775164634	0.4753405915755322
5e-12	2e-12	5.9999999999999995e-12	2.7247718311846256	0.4753405915748427
5e-12	2e-12	7e-12	2.72940034000203	0.4753405915741523
5e-12	2e-12	8e-12	2.713555980939418	0.47534059157346753
5e-12	2e-12	9e-12	2.7033268930390477	0.4753405915727765
5e-12	2e-12	1e-11	2.7111399578861892	0.4753405915720842
5e-12	3e-12	1e-12	2.7014443068765104	0.47534059157890207
5e-12	3e-12	2e-12	2.69885659404099	0.47534059157821984
5e-12	3e-12	3e-12	2.713107658084482	0.47534059157753555
5e-12	3e-12	4e-12	2.7359235947951674	0.475340591576846
5e-12	3e-12	5e-12	2.724742737133056	0.4753405915761525
5e-12	3e-12	5.9999999999999995e-12	2.7100811889395118	0.47534059157547426
5e-12	3e-12	7e-12	2.707957821432501	0.4753405915747824
5e-12	3e-12	8e-12	2.7196043208241463	0.4753405915740824
5e-12	3e-12	9e-12	2.721436080057174	0.47534059157339537
5e-12	3e-12	1e-11	2.715674251783639	0.4753405915727062
5e-12	4e-12	1e-12	2.6979038869030774	0.4753405915795044
5e-12	4e-12	2e-12	2.7091415589675307	0.47534059157882025
5e-12	4e-12	3e-12	2.7137399492785335	0.47534059157813835
5e-12	4e-12	4e-12	2.710028233937919	0.47534059157746433
5e-12	4e-12	5e-12	2.717757815029472	0.47534059157678193
5e-12	4e-12	5.9999999999999995e-12	2.713959628716111	0.4753405915760993
5e-12	4e-12	7e-12	2.705206578131765	0.47534059157541086
5e-12	4e-12	8e-12	2.6991036809049547	0.4753405915747119
5e-12	4e-12	9e-12	2.6718776379711926	0.4753405915740284
5e-12	4e-12	1e-11	2.6701535638421774	0.47534059157333675
5e-12	5e-12	1e-12	2.707684792112559	0.475340591580126
5e-12	5e-12	2e-12	2.7088553700596094	0.475340591579442
5e-12	5e-12	3e-12	2.708151356317103	0.47534059157875314
5e-12	5e-12	4e-12	2.716373775154352	0.47534059157806363
5e-12	5e-12	5e-12	2.7263980358839035	0.47534059157737985
5e-12	5e-12	5.9999999999999995e-12	2.7118879701010883	0.4753405915766941
5e-12	5e-12	7e-12	2.7219368969090283	0.47534059157601094
5e-12	5e-12	8e-12	2.7230713819153607	0.47534059157533054
5e-12	5e-12	9e-12	2.723774041980505	0.47534059157464886
5e-12	5e-12	1e-11	2.736792566254735	0.47534059157395836
5e-12	5.9999999999999995e-12	1e-12	2.727031331975013	0.475340591580746
5e-12	5.9999999999999995e-12	2e-12	2.720959751866758	0.47534059158005826
5e-12	5.9999999999999995e-12	3e-12	2.7204570220783353	0.4753405915793738
5e-12	5.9999999999999995e-12	4e-12	2.7330460171215236	0.4753405915786899
5e-12	5.9999999999999995e-12	5e-12	2.7191985826939344	0.4753405915780053
5e-12	5.9999999999999995e-12	5.9999999999999995e-12	2.703370844013989	0.4753405915773159
5e-12	5.9999999999999995e-12	7e-12	2.6847443971782923	0.4753405915766318
5e-12	5.9999999999999995e-12	8e-12	2.6918216799385846	0.4753405915759374
5e-12	5.9999999999999995e-12	9e-12	2.683482968714088	0.47534059157525455
5e-12	5.9999999999999995e-12	1e-11	2.7469943277537823	0.47534059157456526
5e-12	7e-12	1e-12	2.733275057282299	0.4753405915813656
5e-12	7e-12	2e-12	2.7304436094127595	0.4753405915806793
5e-12	7e-12	3e-12	2.739565772935748	0.47534059157999425
5e-12	7e-12	4e-12	2.7718857801519334	0.4753405915793033
5e-12	7e-12	5e-12	2.7273335899226367	0.4753405915786164
5e-12	7e-12	5.9999999999999995e-12	2.722818728070706	0.4753405915779316
5e-12	7e-12	7e-12	2.7222707788459957	0.4753405915772428
5e-12	7e-12	8e-12	2.7267618146725	0.4753405915765598
5e-12	7e-12	9e-12	2.725411554798484	0.4753405915758747
5e-12	7e-12	1e-11	2.7341583822853863	0.47534059157518227
5e-12	8e-12	1e-12	2.7285065418109298	0.4753405915819761
5e-12	8e-12	2e-12	2.735529695171863	0.4753405915812833
5e-12	8e-12	3e-12	2.7401225748471916	0.4753405915806076
5e-12	8e-12	4e-12	2.738260060083121	0.4753405915799226
5e-12	8e-12	5e-12	2.7430541636422276	0.47534059157922426
5e-12	8e-12	5.9999999999999995e-12	2.747924283146858	0.47534059157854347
5e-12	8e-12	7e-12	2.732062505092472	0.4753405915778577
5e-12	8e-12	8e-12	2.7444202578626573	0.4753405915771751
5e-12	8e-12	9e-12	2.7351200650446117	0.4753405915764951
5e-12	8e-12	1e-11	2.730280471034348	0.4753405915758022
5e-12	9e-12	1e-12	2.729076265823096	0.4753405915826049
5e-12	9e-12	2e-12	2.717295036185533	0.4753405915819153
5e-12	9e-12	3e-12	2.7188107073307037	0.4753405915812264
5e-12	9e-12	4e-12	2.711667282972485	0.4753405915805329
5e-12	9e-12	5e-12	2.7171934540383518	0.4753405915798479
5e-12	9e-12	5.9999999999999995e-12	2.7205778672359884	0.4753405915791665
5e-12	9e-12	7e-12	2.710736794862896	0.47534059157847897
5e-12	9e-12	8e-12	2.704497427213937	0.47534059157778796
5e-12	9e-12	9e-12	2.712469874881208	0.4753405915771034
5e-12	9e-12	1e-11	2.71606021001935	0.4753405915764194
5e-12	1e-11	1e-12	2.730770029593259	0.4753405915832171
5e-12	1e-11	2e-12	2.7185160419903696	0.4753405915825259
5e-12	1e-11	3e-12	2.720291135367006	0.4753405915818377
5e-12	1e-11	4e-12	2.712424226105213	0.475340591581147
5e-12	1e-11	5e-12	2.7084437706507742	0.4753405915804584
5e-12	1e-11	5.9999999999999995e-12	2.7210162598639727	0.47534059157977837
5e-12	1e-11	7e-12	2.704555324744433	0.47534059157908976
5e-12	1e-11	8e-12	2.7274989569559693	0.47534059157840364
5e-12	1e-11	9e-12	2.726159432902932	0.47534059157770914
5e-12	1e-11	1e-11	2.7339642671868205	0.47534059157702524
5.9999999999999995e-12	1e-12	1e-12	2.744291241746396	0.475340560559254
5.9999999999999995e-12	1e-12	2e-12	2.7602691180072725	0.475340560558569
5.9999999999999995e-12	1e-12	3e-12	2.7406036499887705	0.4753405605578783
5.9999999999999995e-12	1e-12	4e-12	2.7401637961156666	0.4753405605571942
5.9999999999999995e-12	1e-12	5e-12	2.7479154001921415	0.47534056055650686
5.9999999999999995e-12	1e-12	5.9999999999999995e-12	2.7425417620688677	0.4753405605558172
5.9999999999999995e-12	1e-12	7e-12	2.7308205901645124	0.4753405605551242
5.9999999999999995e-12	1e-12	8e-12	2.7347699883393943	0.4753405605544362
5.9999999999999995e-12	1e-12	9e-12	2.7481111381202936	0.4753405605537423
5.9999999999999995e-12	1e-12	1e-11	2.732245873659849	0.4753405605530556
5.9999999999999995e-12	2e-12	1e-12	2.736077533569187	0.47534056055988005
5.9999999999999995e-12	2e-12	2e-12	2.7256474029272795	0.4753405605591893
5.9999999999999995e-12	2e-12	3e-12	2.731367107015103	0.4753405605585073
5.9999999999999995e-12	2e-12	4e-12	2.7273101662285626	0.47534056055781493
5.9999999999999995e-12	2e-12	5e-12	2.7398270997218788	0.47534056055712814
5.9999999999999995e-12	2e-12	5.9999999999999995e-12	2.7430341471917927	0.47534056055644036
5.9999999999999995e-12	2e-12	7e-12	2.727549707982689	0.47534056055575447
5.9999999999999995e-12	2e-12	8e-12	2.7387644951231778	0.47534056055505935
5.9999999999999995e-12	2e-12	9e-12	2.728494314942509	0.4753405605543713
5.9999999999999995e-12	2e-12	1e-11	2.736154771409929	0.4753405605536785
5.9999999999999995e-12	3e-12	1e-12	2.742594021372497	0.4753405605604887
5.9999999999999995e-12	3e-12	2e-12	2.735679422970861	0.4753405605598016
5.9999999999999995e-12	3e-12	3e-12	2.7410349450074136	0.4753405605591182
5.9999999999999995e-12	3e-12	4e-12	2.7347207739949226	0.47534056055843377
5.9999999999999995e-12	3e-12	5e-12	2.7379254568368196	0.4753405605577438
5.9999999999999995e-12	3e-12	5.9999999999999995e-12	2.7300039757974446	0.4753405605570581
5.9999999999999995e-12	3e-12	7e-12	2.73714152071625	0.475340560556369
5.9999999999999995e-12	3e-12	8e-12	2.740997123066336	0.4753405605556872
5.9999999999999995e-12	3e-12	9e-12	2.7291875928640366	0.4753405605549971
5.9999999999999995e-12	3e-12	1e-11	2.7334940708242357	0.4753405605543153
5.9999999999999995e-12	4e-12	1e-12	2.7254193988628685	0.4753405605611039
5.9999999999999995e-12	4e-12	2e-12	2.7348800650797784	0.4753405605604213
5.9999999999999995e-12	4e-12	3e-12	2.741926234215498	0.47534056055972573
5.9999999999999995e-12	4e-12	4e-12	2.748603883665055	0.4753405605590463
5.9999999999999995e-12	4e-12	5e-12	2.7316314768977463	0.47534056055836926
5.9999999999999995e-12	4e-12	5.9999999999999995e-12	2.7413416798226535	0.4753405605576846
5.9999999999999995e-12	4e-12	7e-12	2.7411428103223443	0.47534056055699603
5.9999999999999995e-12	4e-12	8e-12	2.7502971231006086	0.4753405605563096
5.9999999999999995e-12	4e-12	9e-12	2.7554185520857573	0.47534056055561524
5.9999999999999995e-12	4e-12	1e-11	2.7688119406811893	0.4753405605549264
5.9999999999999995e-12	5e-12	1e-12	2.7420278768986464	0.47534056056172924
5.9999999999999995e-12	5e-12	2e-12	2.744975872337818	0.47534056056103935
5.9999999999999995e-12	5e-12	3e-12	2.733001196756959	0.4753405605603479
5.9999999999999995e-12	5e-12	4e-12	2.7570641981437802	0.47534056055967067
5.9999999999999995e-12	5e-12	5e-12	2.7340187737718225	0.4753405605589839
5.9999999999999995e-12	5e-12	5.9999999999999995e-12	2.723959913942963	0.4753405605582939
5.9999999999999995e-12	5e-12	7e-12	2.7597825559787452	0.47534056055760676
5.9999999999999995e-12	5e-12	8e-12	2.7284013661555946	0.4753405605569252
5.9999999999999995e-12	5e-12	9e-12	2.729827008675784	0.47534056055623175
5.9999999999999995e-12	5e-12	1e-11	2.725173137150705	0.4753405605555387
5.9999999999999995e-12	5.9999999999999995e-12	1e-12	2.719198539853096	0.4753405605623593
5.9999999999999995e-12	5.9999999999999995e-12	2e-12	2.7104102936573327	0.47534056056166396
5.9999999999999995e-12	5.9999999999999995e-12	3e-12	2.7106984723359346	0.47534056056097473
5.9999999999999995e-12	5.9999999999999995e-12	4e-12	2.7203925009816885	0.4753405605602855
5.9999999999999995e-12	5.9999999999999995e-12	5e-12	2.7260737363249063	0.4753405605595995
5.9999999999999995e-12	5.9999999999999995e-12	5.9999999999999995e-12	2.7273031640797853	0.4753405605589146
5.9999999999999995e-12	5.9999999999999995e-12	7e-12	2.728805194143206	0.47534056055823093
5.9999999999999995e-12	5.9999999999999995e-12	8e-12	2.7203179192729294	0.47534056055754415
5.9999999999999995e-12	5.9999999999999995e-12	9e-12	2.718121860176325	0.4753405605568586
5.9999999999999995e-12	5.9999999999999995e-12	1e-11	2.7109324051998556	0.4753405605561706
5.9999999999999995e-12	7e-12	1e-12	2.7239991412498057	0.4753405605629749
5.9999999999999995e-12	7e-12	2e-12	2.732521529775113	0.475340560562288
5.9999999999999995e-12	7e-12	3e-12	2.749456401914358	0.47534056056159574
5.9999999999999995e-12	7e-12	4e-12	2.7222899980843067	0.4753405605608989
5.9999999999999995e-12	7e-12	5e-12	2.71459096390754	0.47534056056021623
5.9999999999999995e-12	7e-12	5.9999999999999995e-12	2.7230294961482286	0.47534056055952856
5.9999999999999995e-12	7e-12	7e-12	2.7189207770861685	0.4753405605588441
5.9999999999999995e-12	7e-12	8e-12	2.729986739810556	0.4753405605581631
5.9999999999999995e-12	7e-12	9e-12	2.748394897673279	0.4753405605574793
5.9999999999999995e-12	7e-12	1e-11	2.734705339651555	0.4753405605567964
5.9999999999999995e-12	8e-12	1e-12	2.721337660215795	0.47534056056359136
5.9999999999999995e-12	8e-12	2e-12	2.7260141572915018	0.4753405605629149
5.9999999999999995e-12	8e-12	3e-12	2.733109108172357	0.4753405605622268
5.9999999999999995e-12	8e-12	4e-12	2.746153761167079	0.47534056056153395
5.9999999999999995e-12	8e-12	5e-12	2.7475662450306118	0.475340560560841
5.9999999999999995e-12	8e-12	5.9999999999999995e-12	2.740701134316623	0.4753405605601454
5.9999999999999995e-12	8e-12	7e-12	2.7476952211000025	0.47534056055945656
5.9999999999999995e-12	8e-12	8e-12	2.737224468961358	0.47534056055877716
5.9999999999999995e-12	8e-12	9e-12	2.741945142392069	0.47534056055808793
5.9999999999999995e-12	8e-12	1e-11	2.7357593439519405	0.4753405605574076
5.9999999999999995e-12	9e-12	1e-12	2.809341018088162	0.47534056056420393
5.9999999999999995e-12	9e-12	2e-12	2.736972387880087	0.4753405605635145
5.9999999999999995e-12	9e-12	3e-12	2.7411006651818752	0.4753405605628289
5.9999999999999995e-12	9e-12	4e-12	2.7438139459118247	0.4753405605621388
5.9999999999999995e-12	9e-12	5e-12	2.7447282169014215	0.4753405605614611
5.9999999999999995e-12	9e-12	5.9999999999999995e-12	2.7431719661690295	0.4753405605607631
5.9999999999999995e-12	9e-12	7e-12	2.734298756811768	0.47534056056008045
5.9999999999999995e-12	9e-12	8e-12	2.740981607232243	0.4753405605593952
5.9999999999999995e-12	9e-12	9e-12	2.7495162221603096	0.47534056055870666
5.9999999999999995e-12	9e-12	1e-11	2.7392197740264237	0.47534056055802254
5.9999999999999995e-12	1e-11	1e-12	2.7405413310043514	0.47534056056483137
5.9999999999999995e-12	1e-11	2e-12	2.7372357454150915	0.47534056056414375
5.9999999999999995e-12	1e-11	3e-12	2.749797247815877	0.47534056056345875
5.9999999999999995e-12	1e-11	4e-12	2.7428041300736368	0.4753405605627736
5.9999999999999995e-12	1e-11	5e-12	2.7314460556954145	0.47534056056208185
5.9999999999999995e-12	1e-11	5.9999999999999995e-12	2.764294435735792	0.4753405605613867
5.9999999999999995e-12	1e-11	7e-12	2.734179195947945	0.47534056056069596
5.9999999999999995e-12	1e-11	8e-12	2.7344579468481243	0.47534056056001217
5.9999999999999995e-12	1e-11	9e-12	2.7450148430652916	0.47534056055931473
5.9999999999999995e-12	1e-11	1e-11	2.732169703114778	0.4753405605586417
7e-12	1e-12	1e-12	2.7318861950188875	0.47534052954091793
7e-12	1e-12	2e-12	2.735533908009529	0.4753405295402316
7e-12	1e-12	3e-12	2.7265625302679837	0.47534052953954253
7e-12	1e-12	4e-12	2.7296333108097315	0.4753405295388632
7e-12	1e-12	5e-12	2.723087558057159	0.4753405295381733
7e-12	1e-12	5.9999999999999995e-12	2.7208180287852883	0.4753405295374768
7e-12	1e-12	7e-12	2.722178995143622	0.47534052953678835
7e-12	1e-12	8e-12	2.716289976146072	0.4753405295360913
7e-12	1e-12	9e-12	2.706749348901212	0.4753405295354045
7e-12	1e-12	1e-11	2.7200762880966067	0.4753405295347254
7e-12	2e-12	1e-12	2.749072667211294	0.47534052954152745
7e-12	2e-12	2e-12	2.7245411961339414	0.47534052954085204
7e-12	2e-12	3e-12	2.746910870075226	0.4753405295401619
7e-12	2e-12	4e-12	2.7297712289728224	0.475340529539474
7e-12	2e-12	5e-12	2.760600106790662	0.47534052953878636
7e-12	2e-12	5.9999999999999995e-12	2.7397057516500354	0.47534052953811
7e-12	2e-12	7e-12	2.734024927020073	0.47534052953741
7e-12	2e-12	8e-12	2.7402081009931862	0.47534052953671874
7e-12	2e-12	9e-12	2.782277214806527	0.475340529536028
7e-12	2e-12	1e-11	2.738506769761443	0.47534052953533984
7e-12	3e-12	1e-12	2.7384431939572096	0.4753405295421529
7e-12	3e-12	2e-12	2.73838263284415	0.4753405295414612
7e-12	3e-12	3e-12	2.7458802331238985	0.47534052954077866
7e-12	3e-12	4e-12	2.732582148630172	0.47534052954009165
7e-12	3e-12	5e-12	2.7318007377907634	0.47534052953939787
7e-12	3e-12	5.9999999999999995e-12	2.769693171605468	0.47534052953871286
7e-12	3e-12	7e-12	2.7295476528815925	0.4753405295380253
7e-12	3e-12	8e-12	2.7331732427701354	0.47534052953734124
7e-12	3e-12	9e-12	2.7213621707633138	0.4753405295366492
7e-12	3e-12	1e-11	2.7327987467870116	0.4753405295359539
7e-12	4e-12	1e-12	2.743205877020955	0.47534052954277173
7e-12	4e-12	2e-12	2.724801740143448	0.47534052954207595
7e-12	4e-12	3e-12	2.7373756859451532	0.4753405295413857
7e-12	4e-12	4e-12	2.7522928933613002	0.47534052954070016
7e-12	4e-12	5e-12	2.7474969029426575	0.4753405295400173
7e-12	4e-12	5.9999999999999995e-12	2.749695156235248	0.4753405295393356
7e-12	4e-12	7e-12	2.7589302849955857	0.4753405295386546
7e-12	4e-12	8e-12	2.7508812178857625	0.4753405295379666
7e-12	4e-12	9e-12	2.7736270180903375	0.4753405295372761
7e-12	4e-12	1e-11	2.7342227692715824	0.4753405295365866
7e-12	5e-12	1e-12	2.7407651389949024	0.4753405295433869
7e-12	5e-12	2e-12	2.7487052902579308	0.4753405295426973
7e-12	5e-12	3e-12	2.740686289034784	0.4753405295420057
7e-12	5e-12	4e-12	2.747284843120724	0.4753405295413209
7e-12	5e-12	5e-12	2.7431981856934726	0.4753405295406319
7e-12	5e-12	5.9999999999999995e-12	2.7423680550418794	0.47534052953994393
7e-12	5e-12	7e-12	2.7421927410177886	0.4753405295392624
7e-12	5e-12	8e-12	2.7512551615945995	0.4753405295385833
7e-12	5e-12	9e-12	2.749968093354255	0.4753405295378894
7e-12	5e-12	1e-11	2.7548912768252194	0.4753405295371982
7e-12	5.9999999999999995e-12	1e-12	2.72812629211694	0.47534052954401473
7e-12	5.9999999999999995e-12	2e-12	2.6783316186629236	0.47534052954333283
7e-12	5.9999999999999995e-12	3e-12	2.711878059897572	0.47534052954263945
7e-12	5.9999999999999995e-12	4e-12	2.7182060098275542	0.4753405295419426
7e-12	5.9999999999999995e-12	5e-12	2.7189662787131965	0.47534052954125317
7e-12	5.9999999999999995e-12	5.9999999999999995e-12	2.755617338232696	0.4753405295405645
7e-12	5.9999999999999995e-12	7e-12	2.756121188867837	0.4753405295398745
7e-12	5.9999999999999995e-12	8e-12	2.726259622257203	0.47534052953918937
7e-12	5.9999999999999995e-12	9e-12	2.737978121265769	0.4753405295385066
7e-12	5.9999999999999995e-12	1e-11	2.7048398721963167	0.47534052953782113
7e-12	7e-12	1e-12	2.7141595450229943	0.4753405295446281
7e-12	7e-12	2e-12	2.708738512825221	0.475340529543943
7e-12	7e-12	3e-12	2.704617043957114	0.4753405295432568
7e-12	7e-12	4e-12	2.712044077925384	0.47534052954257255
7e-12	7e-12	5e-12	2.718153510708362	0.4753405295418691
7e-12	7e-12	5.9999999999999995e-12	2.7187441126443446	0.47534052954118033
7e-12	7e-12	7e-12	2.714176812209189	0.475340529540494
7e-12	7e-12	8e-12	2.7042067237198353	0.4753405295398105
7e-12	7e-12	9e-12	2.7039112779311836	0.47534052953912465
7e-12	7e-12	1e-11	2.7097766720689833	0.4753405295384362
7e-12	8e-12	1e-12	2.709845650009811	0.475340529545243
7e-12	8e-12	2e-12	2.715198596008122	0.4753405295445572
7e-12	8e-12	3e-12	2.707915460690856	0.4753405295438586
7e-12	8e-12	4e-12	2.7119521759450436	0.4753405295431764
7e-12	8e-12	5e-12	2.722119973041117	0.4753405295424974
7e-12	8e-12	5.9999999999999995e-12	2.703894891310483	0.4753405295418073
7e-12	8e-12	7e-12	2.7039541811682284	0.4753405295411145
7e-12	8e-12	8e-12	2.7089368659071624	0.47534052954042905
7e-12	8e-12	9e-12	2.7129060281440616	0.4753405295397446
7e-12	8e-12	1e-11	2.709633570164442	0.4753405295390616
7e-12	9e-12	1e-12	2.7127535580657423	0.4753405295458588
7e-12	9e-12	2e-12	2.7121686139144003	0.47534052954516615
7e-12	9e-12	3e-12	2.7209212300367653	0.47534052954448547
7e-12	9e-12	4e-12	2.7077456447295845	0.47534052954379724
7e-12	9e-12	5e-12	2.6882499558851123	0.4753405295431061
7e-12	9e-12	5.9999999999999995e-12	2.6930444352328777	0.4753405295424247
7e-12	9e-12	7e-12	2.6778460550121963	0.4753405295417421
7e-12	9e-12	8e-12	2.673795012757182	0.4753405295410529
7e-12	9e-12	9e-12	2.7257839050143957	0.47534052954035516
7e-12	9e-12	1e-11	2.682439676951617	0.47534052953966416
7e-12	1e-11	1e-12	2.6798916570842266	0.475340529546477
7e-12	1e-11	2e-12	2.7209570896811783	0.47534052954579276
7e-12	1e-11	3e-12	2.721013647969812	0.47534052954510086
7e-12	1e-11	4e-12	2.7218020698055625	0.47534052954441214
7e-12	1e-11	5e-12	2.693443460855633	0.4753405295437276
7e-12	1e-11	5.9999999999999995e-12	2.68725155480206	0.47534052954304373
7e-12	1e-11	7e-12	2.719886463135481	0.47534052954235356
7e-12	1e-11	8e-12	2.7226577550172806	0.4753405295416647
7e-12	1e-11	9e-12	2.717143724206835	0.47534052954097494
7e-12	1e-11	1e-11	2.7223183917813003	0.47534052954028627
8e-12	1e-12	1e-12	2.7293705311603844	0.47534049852257626
8e-12	1e-12	2e-12	2.718968814238906	0.4753404985218904
8e-12	1e-12	3e-12	2.7182815349660814	0.47534049852120586
8e-12	1e-12	4e-12	2.712935857940465	0.4753404985205127
8e-12	1e-12	5e-12	2.70950233284384	0.47534049851981997
8e-12	1e-12	5.9999999999999995e-12	2.7135806987062097	0.47534049851912696
8e-12	1e-12	7e-12	2.723199559841305	0.4753404985184304
8e-12	1e-12	8e-12	2.706777496263385	0.4753404985177405
8e-12	1e-12	9e-12	2.726081085857004	0.4753404985170474
8e-12	1e-12	1e-11	2.7368168849498034	0.47534049851636273
8e-12	2e-12	1e-12	2.726213286165148	0.4753404985231895
8e-12	2e-12	2e-12	2.736020581331104	0.4753404985225061
8e-12	2e-12	3e-12	2.7287401761859655	0.4753404985218214
8e-12	2e-12	4e-12	2.736601959913969	0.475340498521133
8e-12	2e-12	5e-12	2.7357642240822315	0.47534049852044064
8e-12	2e-12	5.9999999999999995e-12	2.734718092251569	0.47534049851974924
8e-12	2e-12	7e-12	2.741561823990196	0.47534049851905436
8e-12	2e-12	8e-12	2.7311818692833185	0.47534049851837246
8e-12	2e-12	9e-12	2.790755203925073	0.4753404985176751
8e-12	2e-12	1e-11	2.7273615426383913	0.47534049851698484
8e-12	3e-12	1e-12	2.741628910880536	0.4753404985238106
8e-12	3e-12	2e-12	2.7433020402677357	0.4753404985231238
8e-12	3e-12	3e-12	2.7423569010570645	0.47534049852243565
8e-12	3e-12	4e-12	2.739048069808632	0.4753404985217489
8e-12	3e-12	5e-12	2.7465079273097217	0.47534049852105575
8e-12	3e-12	5.9999999999999995e-12	2.7327705211937428	0.47534049852036475
8e-12	3e-12	7e-12	2.7413372499868274	0.4753404985196841
8e-12	3e-12	8e-12	2.741827441379428	0.4753404985189936
8e-12	3e-12	9e-12	2.7386971386149526	0.47534049851830446
8e-12	3e-12	1e-11	2.718740751966834	0.4753404985176228
8e-12	4e-12	1e-12	2.737095647957176	0.4753404985244254
8e-12	4e-12	2e-12	2.7407457856461406	0.4753404985237336
8e-12	4e-12	3e-12	2.73834286397323	0.47534049852305327
8e-12	4e-12	4e-12	2.7509441929869354	0.4753404985223628
8e-12	4e-12	5e-12	2.73738271323964	0.4753404985216801
8e-12	4e-12	5.9999999999999995e-12	2.735809173900634	0.4753404985209929
8e-12	4e-12	7e-12	2.7361916820518672	0.4753404985202972
8e-12	4e-12	8e-12	2.7380276969633996	0.47534049851961324
8e-12	4e-12	9e-12	2.7389976629056036	0.47534049851892896
8e-12	4e-12	1e-11	2.743568423204124	0.47534049851823634
8e-12	5e-12	1e-12	2.7437998149544	0.47534049852504057
8e-12	5e-12	2e-12	2.7367039914242923	0.4753404985243536
8e-12	5e-12	3e-12	2.7519280151464045	0.47534049852366794
8e-12	5e-12	4e-12	2.7537907999940217	0.47534049852297305
8e-12	5e-12	5e-12	2.7324048220179975	0.4753404985222885
8e-12	5e-12	5.9999999999999995e-12	2.7369538778439164	0.4753404985216043
8e-12	5e-12	7e-12	2.735577158164233	0.47534049852092874
8e-12	5e-12	8e-12	2.7445514732971787	0.4753404985202334
8e-12	5e-12	9e-12	2.799977739341557	0.4753404985195379
8e-12	5e-12	1e-11	2.7519351351074874	0.47534049851885174
8e-12	5.9999999999999995e-12	1e-12	2.729778011329472	0.47534049852567123
8e-12	5.9999999999999995e-12	2e-12	2.725765225943178	0.4753404985249901
8e-12	5.9999999999999995e-12	3e-12	2.717004271224141	0.4753404985242886
8e-12	5.9999999999999995e-12	4e-12	2.725440002977848	0.4753404985235995
8e-12	5.9999999999999995e-12	5e-12	2.7372852191329002	0.47534049852290966
8e-12	5.9999999999999995e-12	5.9999999999999995e-12	2.7420638632029295	0.47534049852222504
8e-12	5.9999999999999995e-12	7e-12	2.721773129887879	0.47534049852153243
8e-12	5.9999999999999995e-12	8e-12	2.7445523948408663	0.47534049852085136
8e-12	5.9999999999999995e-12	9e-12	2.7412758921273053	0.4753404985201525
8e-12	5.9999999999999995e-12	1e-11	2.7299253940582275	0.47534049851947074
8e-12	7e-12	1e-12	2.7295451392419636	0.47534049852629606
8e-12	7e-12	2e-12	2.736530337948352	0.47534049852560256
8e-12	7e-12	3e-12	2.7226316267624497	0.47534049852491256
8e-12	7e-12	4e-12	2.727896702941507	0.4753404985242211
8e-12	7e-12	5e-12	2.726440617348999	0.4753404985235312
8e-12	7e-12	5.9999999999999995e-12	2.7528877248987556	0.4753404985228421
8e-12	7e-12	7e-12	2.730935080908239	0.47534049852215976
8e-12	7e-12	8e-12	2.7278885459527373	0.47534049852146865
8e-12	7e-12	9e-12	2.7192809246480465	0.4753404985207842
8e-12	7e-12	1e-11	2.7192489369772375	0.47534049852008803
8e-12	8e-12	1e-12	2.7215120582841337	0.47534049852691407
8e-12	8e-12	2e-12	2.743676830083132	0.47534049852622706
8e-12	8e-12	3e-12	2.7212022999301553	0.47534049852552884
8e-12	8e-12	4e-12	2.7436660742387176	0.4753404985248412
8e-12	8e-12	5e-12	2.721074836794287	0.47534049852415305
8e-12	8e-12	5.9999999999999995e-12	2.710357646923512	0.4753404985234605
8e-12	8e-12	7e-12	2.7339022648520768	0.47534049852277016
8e-12	8e-12	8e-12	2.7402245518751442	0.4753404985220774
8e-12	8e-12	9e-12	2.7781438501551747	0.4753404985213967
8e-12	8e-12	1e-11	2.7508196770213544	0.47534049852070615
8e-12	9e-12	1e-12	2.7777000376954675	0.4753404985275266
8e-12	9e-12	2e-12	2.7567048431374133	0.4753404985268414
8e-12	9e-12	3e-12	2.7661721939221025	0.4753404985261542
8e-12	9e-12	4e-12	2.754680353216827	0.47534049852545873
8e-12	9e-12	5e-12	2.7714406568557024	0.4753404985247658
8e-12	9e-12	5.9999999999999995e-12	2.7704828595742583	0.4753404985240787
8e-12	9e-12	7e-12	2.748151844833046	0.475340498523394
8e-12	9e-12	8e-12	2.7527191010303795	0.4753404985226969
8e-12	9e-12	9e-12	2.754993136972189	0.47534049852201854
8e-12	9e-12	1e-11	2.748271559830755	0.4753404985213293
8e-12	1e-11	1e-12	2.755615117959678	0.4753404985281382
8e-12	1e-11	2e-12	2.737565529998392	0.47534049852745097
8e-12	1e-11	3e-12	2.7427396588027477	0.47534049852676175
8e-12	1e-11	4e-12	2.7581594130024314	0.4753404985260722
8e-12	1e-11	5e-12	2.7407464869320393	0.47534049852539045
8e-12	1e-11	5.9999999999999995e-12	2.726364701986313	0.47534049852469906
8e-12	1e-11	7e-12	2.739026367198676	0.47534049852401183
8e-12	1e-11	8e-12	2.7458297996781766	0.4753404985233213
8e-12	1e-11	9e-12	2.7366709471680224	0.47534049852263643
8e-12	1e-11	1e-11	2.73583578504622	0.4753404985219423
9e-12	1e-12	1e-12	2.751824509818107	0.47534046750424597
9e-12	1e-12	2e-12	2.7426955732516944	0.4753404675035655
9e-12	1e-12	3e-12	2.754211547318846	0.47534046750287917
9e-12	1e-12	4e-12	2.742805528920144	0.47534046750219505
9e-12	1e-12	5e-12	2.735046261921525	0.47534046750150905
9e-12	1e-12	5.9999999999999995e-12	2.7326057739555836	0.4753404675008231
9e-12	1e-12	7e-12	2.718782392796129	0.4753404675001361
9e-12	1e-12	8e-12	2.6843244968913496	0.47534046749945036
9e-12	1e-12	9e-12	2.738451726268977	0.4753404674987593
9e-12	1e-12	1e-11	2.716885808855295	0.47534046749806724
9e-12	2e-12	1e-12	2.7247079787775874	0.4753404675048633
9e-12	2e-12	2e-12	2.7250121948309243	0.4753404675041764
9e-12	2e-12	3e-12	2.7243024543859065	0.47534046750349157
9e-12	2e-12	4e-12	2.727924986742437	0.47534046750281045
9e-12	2e-12	5e-12	2.7139179771766067	0.47534046750211756
9e-12	2e-12	5.9999999999999995e-12	2.7225465970113873	0.4753404675014312
9e-12	2e-12	7e-12	2.763304932974279	0.47534046750075076
9e-12	2e-12	8e-12	2.7239437638781965	0.4753404675000615
9e-12	2e-12	9e-12	2.722418736666441	0.4753404674993714
9e-12	2e-12	1e-11	2.7093679569661617	0.4753404674986828
9e-12	3e-12	1e-12	2.727309607900679	0.47534046750548786
9e-12	3e-12	2e-12	2.7226510853506625	0.4753404675047878
9e-12	3e-12	3e-12	2.7458419813774526	0.47534046750410786
9e-12	3e-12	4e-12	2.7275158492848277	0.4753404675034212
9e-12	3e-12	5e-12	2.731079475954175	0.4753404675027302
9e-12	3e-12	5.9999999999999995e-12	2.723170420154929	0.4753404675020507
9e-12	3e-12	7e-12	2.7282243999652565	0.47534046750135983
9e-12	3e-12	8e-12	2.712785311974585	0.4753404675006655
9e-12	3e-12	9e-12	2.720759677235037	0.4753404674999864
9e-12	3e-12	1e-11	2.7266252120025456	0.4753404674992975
9e-12	4e-12	1e-12	2.7234125160612166	0.47534046750610315
9e-12	4e-12	2e-12	2.74110150616616	0.47534046750541087
9e-12	4e-12	3e-12	2.727117487229407	0.47534046750471687
9e-12	4e-12	4e-12	2.7323055490851402	0.47534046750403963
9e-12	4e-12	5e-12	2.7288675010204315	0.47534046750335524
9e-12	4e-12	5.9999999999999995e-12	2.728872003033757	0.47534046750266207
9e-12	4e-12	7e-12	2.7322325189597905	0.47534046750198755
9e-12	4e-12	8e-12	2.744432033970952	0.4753404675012973
9e-12	4e-12	9e-12	2.746189909055829	0.47534046750059644
9e-12	4e-12	1e-11	2.7250418392941356	0.4753404674999093
9e-12	5e-12	1e-12	2.7328111329115927	0.47534046750672176
9e-12	5e-12	2e-12	2.7243749918416142	0.4753404675060241
9e-12	5e-12	3e-12	2.725016361102462	0.4753404675053387
9e-12	5e-12	4e-12	2.7194295530207455	0.47534046750466075
9e-12	5e-12	5e-12	2.722632259130478	0.4753404675039634
9e-12	5e-12	5.9999999999999995e-12	2.7284658909775317	0.4753404675032714
9e-12	5e-12	7e-12	2.7243397389538586	0.4753404675025886
9e-12	5e-12	8e-12	2.7341858888976276	0.4753404675019058
9e-12	5e-12	9e-12	2.738691905979067	0.47534046750122594
9e-12	5e-12	1e-11	2.7212261050008237	0.4753404675005387
9e-12	5.9999999999999995e-12	1e-12	2.7404681076295674	0.47534046750733294
9e-12	5.9999999999999995e-12	2e-12	2.7573994477279484	0.4753404675066437
9e-12	5.9999999999999995e-12	3e-12	2.7196621312759817	0.47534046750596204
9e-12	5.9999999999999995e-12	4e-12	2.7471016328781843	0.4753404675052762
9e-12	5.9999999999999995e-12	5e-12	2.7220221678726375	0.47534046750459635
9e-12	5.9999999999999995e-12	5.9999999999999995e-12	2.7346740001812577	0.4753404675039028
9e-12	5.9999999999999995e-12	7e-12	2.722718299832195	0.4753404675032103
9e-12	5.9999999999999995e-12	8e-12	2.7231968729756773	0.4753404675025143
9e-12	5.9999999999999995e-12	9e-12	2.731391133274883	0.4753404675018302
9e-12	5.9999999999999995e-12	1e-11	2.715368337929249	0.47534046750114356
9e-12	7e-12	1e-12	2.722721089143306	0.4753404675079498
9e-12	7e-12	2e-12	2.745304006151855	0.47534046750726133
9e-12	7e-12	3e-12	2.724249699153006	0.4753404675065628
9e-12	7e-12	4e-12	2.7316095107235014	0.47534046750588826
9e-12	7e-12	5e-12	2.739237308036536	0.4753404675051953
9e-12	7e-12	5.9999999999999995e-12	2.7316800081171095	0.47534046750452297
9e-12	7e-12	7e-12	2.7245695530436933	0.4753404675038324
9e-12	7e-12	8e-12	2.735435042064637	0.47534046750314185
9e-12	7e-12	9e-12	2.722574006766081	0.47534046750245185
9e-12	7e-12	1e-11	2.7271722853183746	0.4753404675017681
9e-12	8e-12	1e-12	2.7411779100075364	0.4753404675085763
9e-12	8e-12	2e-12	2.734182198997587	0.4753404675078895
9e-12	8e-12	3e-12	2.7212561247870326	0.475340467507195
9e-12	8e-12	4e-12	2.728825612924993	0.47534046750649916
9e-12	8e-12	5e-12	2.72579436423257	0.47534046750581466
9e-12	8e-12	5.9999999999999995e-12	2.7355285938829184	0.47534046750513137
9e-12	8e-12	7e-12	2.732400136999786	0.47534046750444836
9e-12	8e-12	8e-12	2.6934774070978165	0.47534046750376524
9e-12	8e-12	9e-12	2.734155367128551	0.47534046750308495
9e-12	8e-12	1e-11	2.697851466946304	0.4753404675023891
9e-12	9e-12	1e-12	2.7022781167179346	0.475340467509192
9e-12	9e-12	2e-12	2.7453018189407885	0.47534046750850234
9e-12	9e-12	3e-12	2.7499293643049896	0.475340467507815
9e-12	9e-12	4e-12	2.7437536790966988	0.47534046750712716
9e-12	9e-12	5e-12	2.7502428889274597	0.47534046750643577
9e-12	9e-12	5.9999999999999995e-12	2.7785569368861616	0.4753404675057472
9e-12	9e-12	7e-12	2.7491769562475383	0.47534046750506453
9e-12	9e-12	8e-12	2.7332066581584513	0.47534046750438674
9e-12	9e-12	9e-12	2.7434312012046576	0.4753404675036973
9e-12	9e-12	1e-11	2.7310581258498132	0.47534046750300246
9e-12	1e-11	1e-12	2.737566235009581	0.47534046750982145
9e-12	1e-11	2e-12	2.7302149003371596	0.47534046750913345
9e-12	1e-11	3e-12	2.739377044606954	0.4753404675084464
9e-12	1e-11	4e-12	2.7481046631000936	0.475340467507749
9e-12	1e-11	5e-12	2.736458919942379	0.4753404675070592
9e-12	1e-11	5.9999999999999995e-12	2.7433751057833433	0.47534046750636866
9e-12	1e-11	7e-12	2.74232707824558	0.47534046750568026
9e-12	1e-11	8e-12	2.7388684726320207	0.4753404675050006
9e-12	1e-11	9e-12	2.7439405592158437	0.47534046750431275
9e-12	1e-11	1e-11	2.736146147828549	0.4753404675036343
1e-11	1e-12	1e-12	2.7409964501857758	0.4753404364859344
1e-11	1e-12	2e-12	2.739052560646087	0.475340436485242
1e-11	1e-12	3e-12	2.744948751758784	0.47534043648455576
1e-11	1e-12	4e-12	2.748839042149484	0.4753404364838721
1e-11	1e-12	5e-12	2.751316106878221	0.47534043648319646
1e-11	1e-12	5.9999999999999995e-12	2.75375068327412	0.4753404364825084
1e-11	1e-12	7e-12	2.7436231137253344	0.4753404364818233
1e-11	1e-12	8e-12	2.741586606018245	0.47534043648113034
1e-11	1e-12	9e-12	2.754763967823237	0.47534043648043856
1e-11	1e-12	1e-11	2.7416330645792186	0.4753404364797545
1e-11	2e-12	1e-12	2.7310548229143023	0.4753404364865645
1e-11	2e-12	2e-12	2.746379784774035	0.47534043648587426
1e-11	2e-12	3e-12	2.7491339119151235	0.4753404364851768
1e-11	2e-12	4e-12	2.7441580649465322	0.4753404364844937
1e-11	2e-12	5e-12	2.7362906327471137	0.47534043648381014
1e-11	2e-12	5.9999999999999995e-12	2.7392112710513175	0.475340436483128
1e-11	2e-12	7e-12	2.732517344877124	0.47534043648244134
1e-11	2e-12	8e-12	2.733952136244625	0.475340436481764
1e-11	2e-12	9e-12	2.7337833209894598	0.4753404364810718
1e-11	2e-12	1e-11	2.7299354788847268	0.4753404364803736
1e-11	3e-12	1e-12	2.784840735141188	0.47534043648717417
1e-11	3e-12	2e-12	2.733838312793523	0.47534043648648155
1e-11	3e-12	3e-12	2.756547865923494	0.4753404364857983
1e-11	3e-12	4e-12	2.7403830140829086	0.4753404364851114
1e-11	3e-12	5e-12	2.7269353810697794	0.47534043648443114
1e-11	3e-12	5.9999999999999995e-12	2.7392607531510293	0.475340436483745
1e-11	3e-12	7e-12	2.7190479119308293	0.47534043648307084
1e-11	3e-12	8e-12	2.731253784149885	0.47534043648238755
1e-11	3e-12	9e-12	2.7291315756738186	0.4753404364816983
1e-11	3e-12	1e-11	2.7375401207245886	0.4753404364810163
1e-11	4e-12	1e-12	2.7332264450378716	0.47534043648779023
1e-11	4e-12	2e-12	2.733937491197139	0.4753404364871026
1e-11	4e-12	3e-12	2.73017365578562	0.47534043648641383
1e-11	4e-12	4e-12	2.7258177772164345	0.4753404364857266
1e-11	4e-12	5e-12	2.7299987017177045	0.4753404364850406
1e-11	4e-12	5.9999999999999995e-12	2.720882029738277	0.4753404364843544
1e-11	4e-12	7e-12	2.7169108521193266	0.475340436483667
1e-11	4e-12	8e-12	2.745527734979987	0.47534043648298185
1e-11	4e-12	9e-12	2.731202583294362	0.47534043648230007
1e-11	4e-12	1e-11	2.6976572340354323	0.4753404364816135
1e-11	5e-12	1e-12	2.7023679721169174	0.4753404364884207
1e-11	5e-12	2e-12	2.720389023888856	0.4753404364877361
1e-11	5e-12	3e-12	2.734475741162896	0.4753404364870393
1e-11	5e-12	4e-12	2.7222546758130193	0.4753404364863518
1e-11	5e-12	5e-12	2.72262473590672	0.47534043648566665
1e-11	5e-12	5.9999999999999995e-12	2.723289650864899	0.47534043648497004
1e-11	5e-12	7e-12	2.7270509167574346	0.4753404364842825
1e-11	5e-12	8e-12	2.7253502858802676	0.4753404364835926
1e-11	5e-12	9e-12	2.7523822570219636	0.4753404364829088
1e-11	5e-12	1e-11	2.73458445770666	0.475340436482229
1e-11	5.9999999999999995e-12	1e-12	2.7337764259427786	0.47534043648904595
1e-11	5.9999999999999995e-12	2e-12	2.734116119798273	0.47534043648835556
1e-11	5.9999999999999995e-12	3e-12	2.7371945385821164	0.47534043648766866
1e-11	5.9999999999999995e-12	4e-12	2.728884738869965	0.4753404364869729
1e-11	5.9999999999999995e-12	5e-12	2.732068301178515	0.4753404364862851
1e-11	5.9999999999999995e-12	5.9999999999999995e-12	2.7325621168129146	0.4753404364855909
1e-11	5.9999999999999995e-12	7e-12	2.7295967251993716	0.475340436484908
1e-11	5.9999999999999995e-12	8e-12	2.7243792093358934	0.4753404364842202
1e-11	5.9999999999999995e-12	9e-12	2.738819044083357	0.4753404364835254
1e-11	5.9999999999999995e-12	1e-11	2.7463964079506695	0.4753404364828402
1e-11	7e-12	1e-12	2.7688082442618906	0.47534043648964985
1e-11	7e-12	2e-12	2.7301903320476413	0.4753404364889695
1e-11	7e-12	3e-12	2.7282467652112246	0.47534043648827873
1e-11	7e-12	4e-12	2.722581291105598	0.4753404364875893
1e-11	7e-12	5e-12	2.728547749109566	0.4753404364869069
1e-11	7e-12	5.9999999999999995e-12	2.7222724352031946	0.475340436486219
1e-11	7e-12	7e-12	2.7335067563690245	0.47534043648554053
1e-11	7e-12	8e-12	2.7294601281173527	0.4753404364848496
1e-11	7e-12	9e-12	2.718620914965868	0.4753404364841623
1e-11	7e-12	1e-11	2.728071550372988	0.4753404364834665
1e-11	8e-12	1e-12	2.7353440718725324	0.4753404364902683
1e-11	8e-12	2e-12	2.728806289844215	0.4753404364895756
1e-11	8e-12	3e-12	2.748250741045922	0.4753404364888946
1e-11	8e-12	4e-12	2.744941728655249	0.47534043648820806
1e-11	8e-12	5e-12	2.7409695140086114	0.4753404364875109
1e-11	8e-12	5.9999999999999995e-12	2.737681054044515	0.4753404364868278
1e-11	8e-12	7e-12	2.731765797827393	0.4753404364861433
1e-11	8e-12	8e-12	2.743133831769228	0.4753404364854642
1e-11	8e-12	9e-12	2.7388639049604535	0.47534043648477214
1e-11	8e-12	1e-11	2.747179000172764	0.47534043648409124
1e-11	9e-12	1e-12	2.740389810409397	0.4753404364908961
1e-11	9e-12	2e-12	2.7284780251793563	0.47534043649020685
1e-11	9e-12	3e-12	2.718325747177005	0.47534043648951424
1e-11	9e-12	4e-12	2.724545266944915	0.47534043648882457
1e-11	9e-12	5e-12	2.722052272874862	0.4753404364881335
1e-11	9e-12	5.9999999999999995e-12	2.7606072230264544	0.4753404364874408
1e-11	9e-12	7e-12	2.7185252062045038	0.4753404364867526
1e-11	9e-12	8e-12	2.7187549490481615	0.4753404364860679
1e-11	9e-12	9e-12	2.7186163193546236	0.4753404364853861
1e-11	9e-12	1e-11	2.722990781068802	0.4753404364847029
1e-11	1e-11	1e-12	2.7087553925812244	0.47534043649151797
1e-11	1e-11	2e-12	2.7210215451195836	0.475340436490836
1e-11	1e-11	3e-12	2.7328528300859034	0.4753404364901421
1e-11	1e-11	4e-12	2.725128382910043	0.4753404364894519
1e-11	1e-11	5e-12	2.717380961868912	0.47534043648876206
1e-11	1e-11	5.9999999999999995e-12	2.722562885377556	0.4753404364880724
1e-11	1e-11	7e-12	2.722134016919881	0.475340436487373
1e-11	1e-11	8e-12	2.7250068690627813	0.4753404364866829
1e-11	1e-11	9e-12	2.7490737698972225	0.47534043648599583
1e-11	1e-11	1e-11	2.7236009440384805	0.47534043648531776
