h	mu	var	mu_cv1	mu_cv2	mu_cv3	mu_cv4	mu_cv5	mu_cv6	mu_cv7	mu_cv8	var_cv1	var_cv2	var_cv3	var_cv4	var_cv5	var_cv6	var_cv7	var_cv8
3.051757e-05	0.12297584093213891	6.738694694807995e-09	0.12297900116903722	0.12298220272463582	0.12297358398031165	0.12296399795621209	0.1229807904286775	0.12297153296918006	0.12296035783118808	0.12299526039786886	6.84565810266209e-09	6.84565810266209e-09	6.84565810266209e-09	6.84565810266209e-09	6.84565810266209e-09	6.84565810266209e-09	6.84565810266209e-09	6.84565810266209e-09
6.103515e-05	0.12298656474979992	1.5603681146678388e-09	0.12299210649930553	0.12298962625565561	0.1229783208687607	0.12299090960609545	0.12298235793782304	0.12298425838873892	0.12299229447344048	0.12298264396857954	1.5851358625197095e-09	1.5851358625197095e-09	1.5851358625197095e-09	1.5851358625197095e-09	1.5851358625197095e-09	1.5851358625197095e-09	1.5851358625197095e-09	1.5851358625197095e-09
0.00012207031	0.12301482074596035	1.0321713107994554e-09	0.12301235554904888	0.12301113657192601	0.12301548814214626	0.12301361650761446	0.12301442304064392	0.1230128603504403	0.12301365860745632	0.12302502719840659	1.0485549823994468e-09	1.0485549823994468e-09	1.0485549823994468e-09	1.0485549823994468e-09	1.0485549823994468e-09	1.0485549823994468e-09	1.0485549823994468e-09	1.0485549823994468e-09
0.00024414062	0.12305220174919274	1.7278057169970742e-09	0.12295523878793836	0.1229637327473519	0.12291377647320284	0.12301093080883349	0.12303136363852742	0.12294215863235317	0.12292678065983892	0.12300212184241917	3.2640971170161324e-09	1.3469433105651715e-09	1.6543958374734902e-09	1.2975482221105681e-09	1.5509591367719116e-09	1.6186796094032313e-09	1.5730131893196275e-09	1.975309459714166e-09
0.00048828125	0.12292099467347034	2.0966226991993787e-09	0.1230329131872533	0.12294525034589969	0.12296116400511833	0.12294088006097537	0.12293380108826528	0.12294373188163257	0.12296947509394732	0.12291270961853064	2.911308198751664e-09	1.8696893819858507e-09	1.9059234729369485e-09	1.979119086458791e-09	2.136573771191307e-09	1.807721098574257e-09	2.3854380110999753e-09	2.236256094172647e-09
0.0009765625	0.12292393346645428	3.755534671505968e-09	0.12285601795037866	0.12301394389855243	0.12274653956490711	0.12300433217792991	0.12304852195431432	0.12298971678359462	0.12299676961502898	0.12295114618131919	6.631170066448736e-09	2.9194493326071343e-09	1.4183507130303464e-08	3.2050186753602956e-09	4.619245531098507e-09	2.829639907639426e-09	7.398077450950337e-09	3.6616819991909606e-09
0.001953125	0.12295195091267287	3.1550073220659426e-09	0.12294516521288884	0.12295453241728387	0.12294324684928892	0.12296356289490043	0.1229589466738205	0.1229563073816341	0.12294999305906336	0.12294385281250281	3.2050868033685764e-09	3.2050868033685764e-09	3.2050868033685764e-09	3.2050868033685764e-09	3.2050868033685764e-09	3.2050868033685764e-09	3.2050868033685764e-09	3.2050868033685764e-09
0.00390625	0.12300254731714559	1.0846556587940848e-07	0.12302923645652289	0.1230273660484873	0.12301129449498963	0.12289460899593797	0.12300550281082988	0.12301271077761268	0.12301776132196027	0.12302189763082394	1.1018724152828797e-07	1.1018724152828797e-07	1.1018724152828797e-07	1.1018724152828797e-07	1.1018724152828797e-07	1.1018724152828797e-07	1.1018724152828797e-07	1.1018724152828797e-07
0.0078125	0.12189863104778415	1.4086612167803366e-06	0.12308249485269071	0.12489345834663877	0.1209819352598129	0.12659914078848228	0.12227928290805283	0.12424046829598692	0.12385129705273261	0.12656372773575236	2.1519169969975316e-06	1.1116199208079489e-06	2.0351646813530926e-06	1.023211806872092e-06	3.4904336154126572e-06	7.873295461769912e-07	2.3107249624962157e-05	1.4353405224280173e-06
0.015625	0.12706936323113602	2.5038612323453555e-06	0.12407050773394582	0.1216208618377969	0.12664859710298987	0.12214241016264603	0.12842811182159145	0.12571174279097097	0.12064134385671858	0.12521181256832692	3.0365685365228947e-06	1.6203707813456754e-06	1.7881959479871406e-06	2.6016949150723666e-06	4.955027015075473e-06	1.5984191648495517e-06	4.017895457797497e-06	3.7057597239663776e-06
0.03125	0.12366191346097025	2.2775947220681562e-06	0.12816016263633875	0.12441544885949529	0.126956834672867	0.12455393997358186	0.12399253490003073	0.12559382548667108	0.12763589152691623	0.12432631366997521	3.16260059109471e-06	2.0310734353605766e-06	2.0704351070341076e-06	2.1499486709669738e-06	2.320994209608059e-06	1.9637562994315583e-06	2.5913394078852367e-06	2.4292807090304347e-06
0.0625	0.12718546584734375	1.7778404197455686e-05	0.11948774915322535	0.12590168787180744	0.12112768018045494	0.12478893261152636	0.12690262348200354	0.12313709021183153	0.12122789252918371	0.12772690604839335	2.4686565646999018e-05	1.5854113174167538e-05	1.6161361738681307e-05	1.6782027156054203e-05	1.8117171065841386e-05	1.532865039522572e-05	2.0227426310658878e-05	1.896243169856292e-05
0.125	0.12394912256364757	1.18230637131814e-06	0.12010724001172285	0.12566234910142512	0.12205211118946949	0.1265390274971416	0.12232426385914302	0.12028089822099518	0.11910615553505892	0.12571577544097462	1.1346998035399975e-05	2.056320912586869e-06	9.707405162413558e-07	5.453239131745421e-06	2.31763652364987e-06	7.306617363215373e-07	1.3232553927712418e-06	2.7533378157275323e-06
0.25	0.11239711065864595	0.0002811938903186695	0.12533272696867545	0.1461216194006555	0.11878097837957793	0.14705504894132893	0.11561462825685924	0.12524595455771653	0.13555299416004699	0.13880201319934865	0.00022075049575216946	0.00023189482080166764	0.00025053677735228805	0.00032059591794211074	0.00030768495323287736	0.0002319636056542347	0.00021606067790467978	0.00026885305601141696
0.5	0.15136255421430872	0.0016225876608815014	0.02721777835582398	9.886255522904935e-05	0.13988744374071882	0.009631948009225613	0.13017748041950042	0.08495337471612738	0.07306170475332219	0.07541834753635161	0.0017646402371171081	0.001746164452514762	0.0016775992522163902	0.0017779450613510201	0.0017132456820175936	0.0013643380077248159	0.0016634647396280735	0.0017256203076764201
1.0	0.02576943051991505	0.0018321733593717729	0.028295666160971185	0.028162192294755386	0.012003474321505761	0.028814705341196227	0.02763553398607937	0.028538488759294548	0.024122687812782116	0.028582695482735815	0.0018612554761871982	0.0018612554761871982	0.0018612554761871982	0.0018612554761871982	0.0018612554761871982	0.0018612554761871982	0.0018612554761871982	0.0018612554761871982
